665893541 812759322 651309935 895790877 596819895 851253400 789041096 746513403 461866993 
925712643 19145042 781446878 194993605 981016375 759159314 845663703 899877112 782473558 
1024898994 697216114 945376705 865629307 778714297 1032781446 4567582 268933347 110116590 
116702586 430848705 407060427 315160034 23000422 146077925 966469969 918791300 742897820 
743981545 634090572 415669399 132106715 486061391 434814441 913553593 681054996 342088992 
598971083 452976875 168224281 307702817 404134046 865440395 179337698 196021529 570412868 
138377321 200589112 839346216 248493911 317291698 196453097 655554338 632451733 219453519 
801632263 525179878 64502995 470788259 195419600 698593567 886457659 327526315 110913135 
247530276 167338084 791968131 589619269 766309167 171203183 757843550 270160 575337229 
549542121 179607859 771358758 46213165 317985180 971947870 885559381 566479091 215497745 
8270654 148291606 847949478 227724174 949923869 299387532 292227169 346970305 494807132 
990820737 159686140 822333447 27992048 407216416 989671531 819960179 996835685 682238874 
991163362 680937411 682509035 492758767 156737708 862116894 190375702 202950874 106360250 
88581748 14768431 672839341 304079493 23039086 821130947 78287147 250763260 697312993 
377674680 542990429 1044283298 872481812 460069342 130227614 621073436 488061390 537444030 
537003143 234279746 460537892 145500194 151701284 67733479 828009229 644460052 224471188 
616384299 834835754 427422062 722744549 923417502 442190493 321842066 153755172 465229579 
69231190 232042319 715992839 766544183 609716999 185241445 737085657 408456988 645310787 
867313271 1029530424 59630354 331015477 492791743 293910100 791553369 638291937 445611384 
859286849 392559342 16329612 10016213 1008943641 851165366 437438275 657946366 700841045 
879628768 979788433 854596217 271116524 1049019623 12896712 987109363 741821982 622613712 
98608984 405165815 1031070700 743919772 198737262 986859300 803550126 529752739 405909219 
23718402 247564285 1044201157 469329786 33109310 363018675 485659399 43125523 298220493 
263082941 480563798 956166859 963923986 286450742 862213468 744778379 557567266 837491267 
757675092 470934806 505571425 306546980 569543790 910737240 263875856 239721738 35732678 
176993332 1043271864 565485418 582902551 1066990266 813049703 553361884 462578229 846159013 
916380560 948237628 889284536 140859229 137578745 296106510 23284264 27760908 582557252 
885497733 772539287 66382695 649247176 456472555 537317501 81076778 763019535 33119467 
991814018 1026895391 272841206 1027546697 130146899 242371246 519290291 713049451 235619689 
258598170 192669511 698197918 31015359 35308247 572693722 920299895 176167476 710272467 
142664581 199451741 738033375 725221833 11207650 436830839 791604528 660454826 893303394 
255180205 741531604 582581106 288299673 659603799 535734673 561140879 613408672 665881573 
803512125 58957139 305189200 1039131814 317555309 497858711 663587908 348570668 533166959 
162539806 195128739 709334435 872812274 337793320 908786176 537103825 1063015153 919993826 
973934664 780877858 506706829 793496235 1036058063 174496609 302335517 250615912 834100408 
838070190 811756791 373767256 430209939 541527093 432724395 735399139 506917083 750279704 
159516027 96763168 25108548 692682986 259302974 220237287 328275597 58373424 558030607 
163319950 595477250 547303937 9571952 495670090 254439971 516278781 215424501 216756210 
690775391 517760018 467372123 451133975 282088385 205387090 824901232 712298324 746914183 
183883803 373955640 180089443 934163508 533471667 276852611 959272056 152412829 536155585 
105767520 480688426 594529010 663798127 644008376 116264436 137360240 653580329 611934526 
391800211 96117286 827359028 608556422 786892677 271377222 2186721 164284829 553465607 
207573811 989186061 192022108 954487995 99328040 565977748 60835614 1033491548 25707591 
337688225 919021781 178120420 873843810 1024789301 658808846 394630996 614845604 229075399 
510895432 752205845 882655728 49088135 70264232 978773014 876447163 678820654 691923868 
74082561 681007375 856208697 627548169 888581187 771652934 819570277 769327358 870980974 
311806201 830162972 830730699 337513792 94109373 676010656 515634212 967953183 627058133 
100701234 288842356 168161913 329776633 799737788 920367758 138690537 848825923 990631991 
43721728 651531262 595710821 735645596 725613824 202976373 518112469 279420169 17815736 
216023579 25248622 787143094 13262729 337054823 543564242 843993428 674568615 637673615 
446262260 116461003 531884974 1073320393 217162237 820727330 167740483 546938871 546723295 
14366417 685629408 321807394 1004998408 729351136 973338657 526967406 391254908 625210657 
729943779 909367377 904630826 747759515 51649132 929879448 461160785 64911862 193192447 
1004725027 908905290 867761062 568656818 281425727 984222065 26799968 281004296 127642478 
847527299 448744779 674581349 320508770 463111197 286468934 642316164 394367781 1015820070 
541912997 921335187 333333155 93381830 577537142 168958708 998012656 251554833 220607841 
854150280 712715618 285519703 1047342727 643698821 120683169 841361965 138613815 402108896 
751842206 165413784 683113193 879484685 1012941083 58116148 480324210 259708029 521227345 
766793144 902024193 915595127 708871391 370195367 763188490 1042204546 463577197 266983809 
137421430 387848030 518538642 358029271 168256486 157512437 643548974 141857390 801211258 
764232144 983219355 939825074 92599216 661319738 31497034 775712409 467062599 1044438117 
833828558 947386809 230404322 281314079 640438130 58686691 123167382 275567697 428882058 
886355873 244030419 892459256 79597858 381451849 206565462 598136500 739481121 374821948 
755648937 309288271 516679338 483118372 1073520415 426156870 349201622 92377808 13734784 
380698656 868090217 480797383 351394949 628176951 354442368 581799271 909491031 994880498 
640485962 1032658413 196706371 1069368021 845272462 440736790 888085453 924870320 822188640 
20909091 449264997 487927937 395731039 131172110 797216208 912410378 614290482 796994800 
264825424 963492104 889372608 278560208 270448936 683721001 759357591 621843885 238156129 
40058135 129901332 73905336 1034938634 770387295 32821925 157903181 766013492 878094388 
598639972 580357121 729222884 347086788 601266212 104746057 835014725 996997251 235918168 
558489109 835665805 850208650 281742085 26749405 739958931 97372869 305309613 1010407867 
781093871 1064667204 558509929 1019250000 30983516 688411261 19413512 1065922150 385056732 
52235437 150083507 77328400 930329825 748723479 657685521 585810886 22068443 185209909 
690556943 857083168 108465337 926475111 341830454 944131142 702941938 623572539 970880548 
369159045 720945409 202448337 305825088 428297456 193373718 864335017 373805632 224357234 
479004455 393219144 216537560 864061187 445454581 366621067 941389588 302042583 41602723 
525333285 887853469 63671166 710543195 504668588 920754335 819008532 357401876 188842965 
689397850 1060343814 812415504 586536574 355761035 459619089 788984912 661586123 887916545 
982358630 452179317 187980353 132974040 931183772 581199497 349511600 721503135 1026654079 
716132667 589150899 254954838 757735390 40742361 69066483 821406557 751285556 573735071 
668419068 496552264 931136947 857262033 112208290 917738937 595935713 698744865 199758148 
1055554803 413987953 861344272 869729524 322604759 239781765 1057709878 455578799 97223713 
565167551 805090399 818726848 518079806 447481242 334135924 773034644 131474809 374878285 
842101127 952881366 52422017 342094375 547558610 548974281 199489498 331078819 661182571 
43486612 927014532 286185612 243244760 908827511 700173565 30847208 704815212 1022778324 
270628973 688783266 404615299 367852686 180208993 135963874 112837711 698288800 583445117 
446973635 397581620 714919926 821851920 165940924 594059468 874273937 508035299 67876254 
349506394 707524797 398955073 1010688965 751011409 252227781 223132754 994256170 87313469 
923306319 1025103378 792128681 872342820 221990528 407170123 203216295 589843214 587379116 
339180170 702680925 211926092 922625287 75912736 609507713 563803389 897764656 775448637 
84121033 698296769 209742112 151997287 1047803163 917266909 550952360 984750305 594536495 
803180141 134141235 515050841 890493610 1057447554 466412395 608880467 856048550 688402923 
1016050590 1059264846 204504314 529687883 324703192 907185239 741613975 173586655 983097976 
277379864 737390044 807120808 1052828501 821511077 431675754 188828789 973508364 405737093 
32353875 450718900 316745574 626890370 180157217 450886809 68199387 1070650828 434592540 
534611782 605789471 216899266 149272882 548098238 202422288 353777196 4044297 527125480 
187220611 745658272 700712135 96576763 1023038137 364360355 903697572 1002124814 112129608 
261631502 117211780 11896148 667368595 149565655 462615048 984114170 776456025 642772266 
361259155 844655412 639681270 795851695 305525370 171728917 1012750962 454798252 719827155 
141431426 808575448 723871452 668556907 995796060 395787901 295527218 18630999 345084214 
659887574 922328571 273467204 772017182 110218249 390678984 783913331 777586845 540244639 
172786555 687959191 242958840 815558821 1049218346 13872428 381498267 771328218 319397799 
553227185 710337356 774196051 199312516 851768782 509029676 923183969 446583865 431083912 
245230046 742111084 449714911 590314260 328256834 298301659 863781464 26532192 408519908 
180718625 810445523 112364929 720963264 983232079 800324120 963922105 725049076 775800643 
977794533 32805520 473387037 223450508 586032705 109982569 997646560 785345221 961751351 
432934412 634787366 334593393 864018324 880017412 2962653 239991411 396589848 331219487 
538293070 186629489 357751679 946812979 367348114 94455379 1059177908 14569554 3945634 
785760205 978491659 728994710 487819024 882544369 761800230 961206061 32253053 274091111 
1071188630 1029899613 1059436333 959198157 389092201 620481875 220049726 179368701 426757464 
223012379 419360113 823347312 554231866 957653183 1009976801 911983546 830724338 303583091 
1006438925 816160423 318152646 1010384559 528178804 222902481 665637445 1015997828 31705026 
353695852 903462065 63958080 627786963 900908871 20115869 613481472 786365204 409208071 
160221524 1006414931 588576772 586978988 155685486 1007936885 336584476 709917353 891848245 
272819454 548159075 648830759 576402545 480856176 391249358 894555191 417498911 919428162 
43715849 9394532 861684166 75420875 363090384 691404407 139378955 990877348 518571454 
159494825 530616996 231194835 568702896 690838520 163867942 83537844 204075684 319553428 
17732906 540660161 1029470781 909581151 813479615 503888032 484670086 316140336 984744208 
875919445 136953704 328501295 721605783 180669553 337895828 509548126 256090428 700986212 
127210709 395469384 618121736 645782164 554964209 74996909 876976999 49925281 765835429 
1040844941 133463125 969911114 286656545 151196031 436829451 242385503 1060777182 176567242 
746273535 471705445 492707578 657275920 273883066 629661282 985777215 995488849 810330835 
249931219 431295151 1066421264 950917432 558505861 388148824 495297344 130546201 943113033 
570294253 1007523200 993038314 262387859 974626317 52759615 158557149 187541038 203955647 
595386600 429926541 190991005 771953842 102458253 662696450 190919596 759734173 936579516 
820580879 671769564 858326542 557169890 921700784 215879869 549849330 798876392 774385730 
937998154 220431912 904931931 807369363 790726166 838713307 726665853 1053114025 739597800 
779425469 137929350 927138839 983381116 733315950 283323556 100630297 431527968 385781809 
763326748 622447564 71774158 626164440 369286619 743543723 410749158 926456510 591502683 
626629028 402564016 316637251 327272934 266820347 537069163 158463042 447886 254053505 
997176349 727113740 233425706 663032326 432797385 371355056 516429341 342436677 30929182 
799752897 443066974 462457150 111792883 132651898 11162891 183567041 758816339 380449510 
927110764 95823673 233164196 444871623 722452701 635728213 761508874 1049725636 902548560 
224836214 134446854 902996446 478889719 57881379 556368362 712315426 720913705 989165747 
9928658 163601222 257860600 40857841 963354120 700927575 503314991 1405179 833579473 
514477882 184972220 518653988 894927393 38341161 614477662 54349765 483212784 263188539 
690077978 170979835 239172351 518884714 395816049 373619205 348139337 874705768 431500585 
904507699 513279370 78672466 819931623 523208029 242273689 4050399 564065870 131885985 
704977974 1067380861 133291164 464815624 508116920 318263384 983469612 329302489 356604545 
524205450 383652254 839817330 787393990 1073730233 1010797165 1026566341 518873123 332871390 
326443723 867012460 133835334 757944308 697778336 647114705 836616774 443968135 96580910 
5148639 448018534 660646780 137034624 79254685 654285817 270325788 544070309 88660913 
588589173 453798097 417963402 945193718 978003548 801615657 711269224 691655714 801604066 
648324565 644480231 246735365 981195955 970923954 40006002 41289466 655126438 737784338 
688404171 418001389 108010649 784985081 423150028 556029183 371890037 560184653 635283868 
1026175854 830510441 105612353 41094944 345357790 559410451 459058346 216809685 463672175 
186932179 928078909 81586065 988536245 502661651 726066296 161529787 410115782 623248427 
201535789 451405248 204633041 939320127 66067595 622634430 1047330776 851052676 1045784459 
529618135 149200889 532227288 91160180 101634920 288995905 196772533 142729864 634353696 
756182984 601788210 851163381 146113335 788720390 705500466 227699400 703514811 134420293 
953765697 865044598 544536076 503272300 1066580387 995941324 707905341 932158690 1062008920 
256797948 905747642 839319772 228840583 361623954 988520662 761067871 452784134 16413758 
1050063776 649556667 159143622 610675648 331997828 760931832 388097205 478111163 475910398 
19855848 705810564 105683386 154276141 585834437 970727984 698812217 15364913 963566548 
621011718 723270254 821983414 609278814 980068202 653989233 374856762 135166961 1015613187 
289635600 896234832 394655497 306049358 872556785 1044212164 465192980 409490609 302468168 
152382989 797587815 780579332 628293387 817443663 412648072 733976773 971719804 998482509 
630962934 596790198 1013847422 520787658 144060092 663375852 269029248 753338906 569702231 
923018481 54453844 704869192 864889844 344089445 527362201 185803517 650138803 326177162 
156273858 41589960 735667771 458742026 193972949 459513762 165579534 822266336 203215601 
578227606 482501286 101193582 502968291 39722396 697983780 443073889 560510054 842043872 
32707918 829539302 521640954 602410149 678815960 576094798 233537517 469963980 920184243 
760899718 655767498 496581223 13335056 812041356 538171183 749002828 197041558 732144132 
134774766 362621093 480668644 337990368 940848699 963169930 439183950 370075167 1002892326 
63425906 813149056 489660556 905469778 845856974 245458035 353368908 374525299 924273995 
929463706 608062817 320496151 775906126 295220711 976263649 198745525 308555768 714563181 
736916708 1057558596 911604740 395319016 118591538 200484009 875987660 456581906 67590884 
765415767 895765856 437666051 694566269 959191762 177073284 110485002 790919716 1022930258 
355943037 70546800 323713734 206475208 1000010507 931776551 526971359 702174809 153255438 
429493185 900920334 461811206 70314542 564095218 445627978 981919282 959414234 564219517 
108661467 761660070 1020801423 176252352 453334013 842825456 613918403 74158459 728275394 
790991687 184643461 445453287 740180122 540586498 516000087 1063893856 747061706 442268770 
921928583 200291241 70701755 1442197 629784426 971622089 463253404 700098969 461975483 
908881382 608276427 347647893 399359075 716937895 35566140 346418675 893190247 488900153 
115502307 433366826 563058612 843777701 150616690 747702073 215489164 890796812 214546747 
731489252 880948844 961608453 100016198 729135603 88157871 170717954 730577800 717942297 
68598219 120089380 344299442 530573703 1028970763 952575870 878221596 354588014 595771941 
913787736 701006689 415220364 328946066 816508996 848587190 892004678 586544874 999203880 
565964928 802034038 816258868 780511675 459781466 623465888 668378305 559797665 278859667 
756536176 730515619 1009437468 400736649 799113838 55785024 745036092 255945717 11013963 
623870138 60425490 365601978 145900255 974213226 1066608667 561120619 229417468 809375840 
335965985 47680323 322178890 261428042 613645251 50471104 3945086 320415102 510252571 
627410975 988793407 1070050236 906270642 671587759 726824031 841966286 1072324409 452196045 
897751311 743618677 708141763 908765274 293746991 768567253 200625428 439647246 669038655 
193492272 1000767865 898456124 1002868112 262992026 946136447 251305178 524420068 486039874 
301776282 528365155 806454976 812028853 82034306 721506560 808337265 988304948 319352495 
461419472 756529411 317935080 913615518 580538898 1061553757 548015457 415562348 281558924 
242840886 616187777 721206170 911879541 809680049 648232211 736593841 738806337 911224238 
608988464 990111515 361902482 21286514 218145973 890267637 827741491 1030174827 972301943 
475506227 764770268 886865068 794858722 152447917 569652655 39051979 1066063435 76449729 
26863912 540337068 492012077 308422837 783177954 34458030 1029629007 621315671 844138079 
604119395 284167689 509202592 441601809 893156153 425572283 803504291 914442668 643718257 
620030105 668442335 600151260 518590224 70206738 291179704 331713468 865065460 443627621 
901366123 904117439 435949232 977815852 930981352 976286300 396086106 165662365 685722430 
430544136 121549548 233296278 200940392 725668943 517463967 710142984 93528928 336878296 
61973444 897033220 177579140 705691701 443321501 846021475 232101137 961911725 916228213 
523280841 219883370 707551850 966908463 47507669 537927465 329115871 1025323522 395166993 
231660348 347667804 560829358 917382778 778211940 682378907 76937232 979152332 334306026 
594401199 615553493 427834955 931279496 677526937 251126351 35116812 309476814 694447852 
881138288 541577951 582617753 723624677 1064858792 802501123 357434703 958025431 850008793 
895362169 213399479 801590491 216787338 445059827 75516471 777616697 288700781 853728411 
386253780 365638014 759138920 720559806 960039213 300950589 74652937 817576885 978477526 
325779288 852693698 214212516 1020227140 660090162 755790467 529103070 309973015 746907435 
257862369 667407719 631191043 34129338 489028064 844590522 835719829 705815402 215908525 
911236300 409690275 504609306 691222888 795944055 870247320 376619984 442762038 756544710 
677570573 517414975 500379771 582306275 843194264 279331645 796518791 789679580 939421807 
478567434 245040826 175652999 151733045 502903196 843060718 782924088 537032534 258346958 
553772786 299010540 964162360 769681311 136505016 300110812 200548794 827727904 22313043 
1070796114 130606064 465075081 753599000 808176637 982490057 180236948 316741088 751942497 
459568593 39518055 467880253 325248577 518085489 712921080 500901576 669818535 142082452 
270220470 379000799 679114986 528567428 932773586 978125526 418987964 628713073 40888719 
719098776 829261867 868616623 741411820 826316158 999222688 132745077 506173334 733657501 
41493310 686410282 1050398590 793435807 72237052 16174821 187574237 397485629 534260311 
900495317 898387205 130337022 1042577769 94865851 509337821 647950931 623433279 368369583 
552334634 1042421243 997082657 593223353 687778196 752602700 388098152 355448192 505177034 
313579016 488193269 1011350369 1047236518 529686580 624018827 1023893284 249380563 696255879 
1040068105 436954800 19999684 500586592 263708293 918386889 630923614 232544238 1013252740 
66519612 880495170 562944195 434889195 359087980 531623615 358230028 952311333 145659987 
37090905 266667661 501108179 542267939 580246678 989301448 479876484 553741372 445246204 
30153488 503892832 694626768 726409367 470219113 57839744 746409052 970805706 321548038 
591054117 527987496 554092276 530565034 594507108 360845622 19767405 1029396304 719933602 
551391020 313884508 598503111 697051007 350975413 865170773 124417362 893243353 371675627 
39976987 299378013 925416999 485223191 329531501 355568007 106108135 1055940869 825787120 
163947880 728608097 722851002 485495918 245920390 177096675 1039588194 776485424 771603783 
326691993 796252830 727258263 1046625595 273902026 1041142772 571386883 970953034 318376361 
362815832 21628572 137877890 734491459 61605559 437255904 586166634 546828751 766787405 
941734641 652936886 748986450 693779937 816884766 403852723 342889116 228638860 649773114 
519985791 194485231 352516714 217847750 521177224 75027720 945106014 494060995 348929747 
912506962 1065447878 246140957 157141499 354521886 267769529 295019390 15271521 329375089 
732275294 601438155 876203840 425320875 469430972 455398902 100565502 89469086 198541845 
504418225 432358202 427180705 80449515 952343993 621665936 432966230 96449919 69101336 
507993950 1041555933 563162332 856923697 880321071 554868386 29322830 1037462571 909390273 
297092360 258740137 924661794 626467449 991015431 452358126 428929465 342594482 921789098 
884328367 443159984 1011258184 9128388 947578210 369874562 436309094 1028027725 248476731 
1057975030 387252131 344926651 53334543 895246082 312740760 616496875 678427955 119320008 
97623437 707750786 83040755 1007013710 1004843146 341780892 857933681 557568771 259054499 
236549983 986498236 601648981 84597257 797084779 1044808966 22113618 806213168 918645352 
391988180 168780438 872931253 640464912 153013644 186441561 985391563 206348187 7945819 
224390499 822845062 686373774 343710507 920468500 320382736 426751262 853740386 251484058 
768532154 637932243 809052829 1027586653 874482226 721809241 555493811 959079484 445152197 
526560953 981193102 177623541 371464481 299439458 346403979 170653910 939904370 499417623 
357095471 851554109 705765811 365041290 2202785 454869049 1051415065 345913292 301595725 
298055977 772664555 81594288 549540036 467454885 719526531 284851041 421299715 520266934 
1006660283 976793526 405604594 378070656 429612655 313055872 555694197 801077136 612495330 
902098176 971731046 478657877 327773975 255084694 256470162 1033539786 620125984 258672947 
414667012 597799225 604586240 716262737 895855203 303508971 797857025 371653415 770963856 
443641733 656504456 118521747 963908667 589422915 21573449 295771437 967493571 451186104 
608827309 449445944 178521416 147580815 277802296 76510639 626238692 605576272 331595333 
882708855 565374234 951721317 67639978 980041246 475778719 672226218 622562160 297892098 
975735189 346677361 669545513 672957222 790319094 252308145 791478969 680485937 841731061 
813052419 976257374 735482808 190496699 511342859 111186929 369018116 658923675 388989225 
445528755 211420543 994565497 777124088 20387574 486197908 655103581 88027553 392497330 
57140476 760253771 1015059490 355032574 662247137 287995028 1024578087 261462535 4572298 
203144409 1052941504 685058236 1044875470 792252099 587573786 706616454 982748799 25174822 
817803383 278025091 684098497 133050785 723553846 895519040 53874458 426936110 915906615 
540072366 8297867 1003934168 932569697 65438344 690446115 873887363 420470918 278951428 
88140567 371307182 540413963 92712866 574451591 519613644 777771102 545585237 238123919 
291603064 178459867 147130894 316777886 996263251 425155985 1000876383 55572212 74968007 
822653600 109446670 501904117 664818391 649519037 510201985 595010735 508346910 575640329 
211715026 308492449 996111247 490666455 396633017 293676605 1031080418 489345883 868128196 
476952238 193375161 339971609 715076158 484978225 518431477 862207052 801756112 440952904 
213621214 728890671 496525116 288589221 477802447 605971786 790493339 68879014 181748999 
226953500 663889749 690095909 802593829 875604776 998588359 724963252 292529407 321479552 
1018639858 249868001 810825435 813026230 726820240 1004200596 79256016 368154574 415436997 
597687493 156619802 143451285 1038640397 370241016 872341957 461423689 658830238 276402580 
1067395475 375581753 345281595 175402651 602535253 1009171344 865498560 331387258 811034296 
790345095 1056350510 29821879 38082823 1001248544 279689881 848908258 740532951 1006510121 
779367030 819788967 300922871 121062204 343734636 457542673 264513489 308633209 827783690 
63113622 770056898 412872104 339516203 763710549 788453857 684797798 939113200 317247286 
620227318 730869937 648634544 357519791 447473208 631243230 387341670 485556032 558749951 
667031551 260722466 225541078 599799848 1040089497 1045330045 900722719 87409877 315322857 
284523569 351923366 623956066 38565435 415036989 320271140 451437539 754553192 10239865 
166149572 365609166 949353066 483396858 985836484 606481179 58289578 269614451 1053954387 
689532808 656956122 465768595 174540935 250245849 726491062 400082013 850045698 692838735 
371670234 677026593 780248612 686993091 961550162 58430154 237207333 1000115597 473467143 
557478473 377811312 154278511 567718339 543960884 519887677 443329581 1027357742 431982338 
1049810760 11905496 701596789 1030023323 701438305 284811087 422050095 875979240 535056937 
74799333 202319430 311360811 767638068 573989664 988387404 474144856 187240932 876195743 
532575010 424448265 802569516 1006042154 981926739 106639005 86578841 475903254 650599889 
606466519 919232835 604215808 1038448857 895301771 616121304 666303822 851583270 243817785 
951114910 199891541 46055202 412430023 274690874 248374632 723790834 1042328942 822364296 
638436414 442731974 1009605228 440890333 975306985 360311670 169718026 907607315 268496585 
276357031 994186156 744399839 926956920 526910851 589890850 457430904 491617884 411450797 
1073552209 84179883 189292243 243628170 1035294793 389183785 289683372 373982992 663874659 
538058004 24032002 632461778 286680477 662468416 1451928 222543881 29616926 976758913 
582855551 199334952 810624404 851352136 475691983 731068737 522010151 328907079 184237764 
38159177 786337984 675855649 449609974 786148369 760035532 638902218 1029776539 721588501 
1028086003 245718088 21829669 618218838 783776092 45861671 176938792 1070456569 708330087 
178390721 219258627 737947013 81407810 802114178 937281965 892032215 579724491 339232124 
549359128 27992818 668139204 733596892 66151996 380735364 335710717 515761970 93141909 
22004425 80922364 49176624 743592926 35266543 294894712 765422595 653485382 4928981 
811284266 830424174 1643726 445872530 1008814895 220902353 110077719 16480882 1023016532 
1047359685 908513097 528999199 312849985 384130401 556992017 980989189 43985469 623144013 
287982729 379696187 65164160 381124638 401700612 146086524 430301263 71551715 181353068 
725195975 836974310 834838450 730124956 574516753 591520800 731768683 1020389283 526593872 
952671036 56725178 543074754 901945744 30343039 377846027 357203119 343193025 761976428 
914195137 250440390 805961897 463597326 538423120 111916260 528761486 919547758 513616873 
674848011 276107197 585168588 856201079 1001303173 348401074 617297705 657686305 922917827 
135076681 315713164 869565286 661670553 194642377 926290465 131003483 22846297 956633504 
508849510 380049417 226084705 197084114 220502730 476525096 1003046012 684100056 1014948216 
41220448 139119719 860754150 554837321 813967730 63119524 66264085 596426985 1064422697 
414665160 139982866 648367178 263841163 275059547 964080343 59664626 936730101 84980896 
985955091 1067733584 107827193 868846771 502841271 487876610 21189653 699925385 708379340 
497714749 629229573 318737573 438921141 670450022 457857292 225933467 151545519 198083198 
289052991 217809605 794510183 279733864 632474765 934493049 928101043 896315928 135810772 
818439562 955980554 1072540873 903420458 868193821 1066532634 1011247651 663298769 495632081 
425382438 684488422 121815642 60019954 108461347 751045216 378757527 547382488 347753414 
836614819 773315955 499298933 1034698017 1062368947 717108538 755466376 268360987 275841479 
616217601 122720206 98415584 752028374 941159768 1054396138 750827423 770838402 848848136 
743618233 708344230 438405081 165508490 59984844 49151679 287324133 120004798 157613026 
1038369349 498762326 704995514 312380939 261635321 404569645 811679872 222591515 393196768 
455046587 978057891 661557756 730888066 520533669 784277962 829303650 198820219 651695907 
809957965 949647642 348792485 585064277 619524052 1057136715 1023469358 785032542 43379735 
1072621037 1072356675 163384534 156492239 1036984200 662146860 861487753 275623315 923782181 
192315574 13561364 72631872 585512343 468607951 1050689764 173328275 125754193 497481609 
957606237 955057844 696301828 535560320 691273985 572207646 884352806 202596438 117989874 
867747697 152323972 903022417 911127433 151203185 901637268 770143 307695424 864879645 
662917003 95441353 66761136 512957360 287756927 80322500 585589233 873269270 548930451 
562537173 1046597545 674684645 1060018782 930461959 556000665 682578786 392280455 173532826 
181044608 202891437 376129264 299034483 1070639135 528453236 128315076 908024744 679656421 
1029952344 908794887 987351845 821090165 497970066 9051374 887851302 1010927426 296808301 
968173802 522774835 96335748 443362430 11570184 69191469 44305251 1071588966 999653428 
600305916 680425928 318192060 773838742 861470537 521083497 76226182 86763196 517980808 
604679418 215078272 352263728 210594015 171288792 187316791 124204036 992378958 685286857 
133255410 806488436 622472460 430063711 700920414 71505471 526399459 70541020 83075656 
595590929 114846271 80922798 521502533 715152187 761348727 839694593 415249105 549077440 
287036267 491475287 635840636 805017075 22412881 850918908 83538980 233006896 1022207700 
270855771 357210932 940844834 956142629 490466342 673591446 504873265 920530054 300770037 
576378736 373187689 371311057 659454392 968778618 486157329 740377191 416539328 127567692 
427984094 182492097 542816798 977061534 469528364 1034292085 539160346 200803616 1056704967 
316337430 284342596 215970039 264803306 555198367 573180972 131906317 437599172 1063647314 
805497763 942472437 910435544 32525976 445109350 209881410 403837034 30821918 104918204 
889994363 771199109 521457532 1017562055 125441379 703949630 486637029 28761089 99736170 
447187291 567921435 300539786 430150434 884258865 584882382 646120473 75320348 66338926 
145559621 207226665 503938098 135465112 1012724428 372668712 1045900656 1045250405 817778062 
182040242 375345615 848599980 286958447 191598154 546057266 808415979 135418385 671498645 
438623785 622055415 700259735 538359956 1069242706 194439346 838899742 425651316 4956388 
350040301 1071771789 80276736 416379227 143589587 287503401 920317325 279054699 226486005 
219244213 251213531 197994586 1037022275 433253774 573340201 811880432 720212221 764938355 
284195874 454886376 900356741 955694519 893510162 448670332 582212430 358128294 444171214 
776651777 123286212 869822530 781608165 473326513 867852495 861884901 889705740 1011442082 
75646478 736281242 216754957 302132483 955525455 467968489 500127070 918805907 901222263 
1073467271 656944515 547692660 764663803 941140389 1002579036 591278720 823093084 822347374 
1039949052 331563691 106733844 410378442 34473644 230020057 206459148 816081809 703346570 
569819 604224886 519310487 1012011902 679871364 181849905 155025035 982003847 63633536 
622993524 408389093 982439443 450473963 408114541 565642134 998166623 99036520 433040699 
927003836 690315240 182391960 675609386 656522468 513955651 782343231 1066900910 548429295 
1012363288 199618234 290769280 641968034 200188053 894994166 87536697 138458131 501123706 
269386602 293483167 409385729 333020139 916476691 817774823 241717758 293208831 152147540 
807359893 217633630 251184060 166658768 70895642 941499300 349050728 746505029 524279944 
863006379 455106436 517439030 337693850 393727900 717057264 628463130 1035695934 917245317 
449715472 49490808 1055703449 950839178 318877410 275444792 286483084 651897549 118179659 
30516083 893615308 411388490 182663623 627233377 629022121 433847683 793892145 699917763 
301605159 69201050 372680968 825885103 932207429 827787404 269582309 196159456 147773480 
986639573 824622586 109727591 830143066 200596235 159218399 812104691 77693589 478095809 
13807659 364176673 56251535 131987319 394692756 949866843 543375809 577356379 503358396 
98656106 1011204062 223508717 798573870 239067397 292709767 97513014 1064952500 151175373 
925300419 260792985 347334829 1073073899 173690734 98215591 109059666 1003833801 298811826 
268278065 742196668 376505416 746373875 756004328 740682089 802625410 887991647 61633022 
678750429 357625632 638989401 108367001 456281739 576451640 331875718 181113785 815519037 
624585486 278626799 806729714 775760859 130185394 1067522699 49353864 129517470 167471610 
147569455 238577136 97563587 446381282 506855202 839760255 822886698 179487253 522022759 
489826963 982112663 336272582 551459985 587121268 693898215 116707563 695488269 76438130 
693159203 1027363987 257551915 434936416 578207649 536178714 167924306 280226684 666364109 
161705182 329580548 795881579 329176792 477150004 1034458715 426740379 923531286 467572093 
192758810 672676160 647059346 714781570 88761299 555430185 1051054152 640221285 68809629 
671210543 756928848 764297898 747648673 376346227 717920062 1005200588 811282643 222385887 
467637479 979206950 502612572 60259764 67170308 832193120 856141343 396347100 235601300 
816858234 823087479 85390762 210688504 1015846289 758066922 857747850 656886035 846828222 
339436212 634198364 413307683 408245841 231667083 96494707 98801916 979315757 472840934 
816721978 910774521 210381753 1039107865 304670176 115846879 467978613 364929940 183017187 
226429910 147329459 579364287 462031210 964187694 328709942 547421973 101134374 270814408 
231747071 958882224 927700443 4833469 224576612 488156983 418141152 632822454 719824067 
514635859 731624370 625398000 987476793 474604524 462430697 124116723 439970565 767100874 
239963602 907949179 58288990 422980790 60637265 205618450 1002345077 522668475 96064320 
257313196 1070090448 197198694 528127604 228095696 82339094 382086223 232929165 306915707 
870243207 651070318 939738161 516325450 91964353 597620707 67981626 5699323 1072225231 
530412323 129816046 438453972 223771373 369779648 272661327 282060364 792760438 333298592 
487678814 721363692 855967068 583743134 978676888 852315692 780941828 433062668 6669564 
863280922 815148891 239598730 96454805 611650274 890669048 1036192966 54233900 982633401 
560071849 122215526 988332724 558555256 652627850 44406946 997009229 876399223 414186595 
195928732 84717763 133205209 529227325 572396577 854568901 311452569 82397887 759503965 
90026437 863339715 118824809 96696002 652878814 933973701 336294732 749333619 471882151 
153221956 711784762 526116052 62113533 198114787 648331578 1050446258 756670044 227217604 
21111380 679937449 29875004 435297975 875866181 114592767 568503185 331351682 686989345 
349330262 642804251 769387232 35092404 732830689 558985124 153917213 829526691 138122114 
14149090 92079599 887455733 486031242 245301555 525498671 1012147294 307415088 723613459 
586737048 284119522 406541679 813954653 305230903 12737304 843829657 740528878 888603485 
958422424 235290239 146213344 571669945 584620502 789017595 267315354 619712906 448106460 
826300478 773630119 203891327 964422592 787779210 295970926 778136501 200068628 541272481 
229893349 138474098 848687570 953506808 725211146 59065268 286306663 465423975 364296171 
299043967 235511808 31083226 113905628 120192409 266373465 260118972 691862354 850993967 
1049136568 959177708 396965049 423501204 711736362 96853345 627392532 602417130 884632555 
923363458 306811808 10959359 390894116 536705157 149433457 165839862 416470141 874644603 
224905130 702776804 266326755 589201302 1001820771 501838563 620284528 41984575 622030972 
886657993 302103548 240151503 663910137 277498292 125587387 1060875186 700999496 837323750 
83986707 254650204 365999056 968619262 104271839 672810864 979578621 495165955 135774197 
55270254 661005817 552244338 929914858 885910947 181279318 122499789 401370425 109358265 
624338352 1021654953 151342841 172627501 834571123 453446389 412779004 424739436 730944681 
538366391 411872798 358202353 301948317 495859506 612852558 667947374 390736944 717124397 
267016414 296573742 138548528 402790612 351843996 799554345 955034950 208017030 611723468 
62572445 330516819 1013093894 171930710 954855172 961007023 323273551 53740849 721836322 
776719940 466519853 72833934 433922797 1004886244 484706733 792125151 233092738 980566239 
331235885 901040112 297561359 1048360282 94314702 594135101 113166986 497105314 945979098 
912721331 378398441 80254304 450702975 440970886 410771124 390055045 612901596 291884472 
277320245 936175148 345625321 999156567 639153264 812145174 1071990502 1073076062 743289594 
482955411 791459389 976382332 389779826 48953450 803680620 687341185 23571908 897995323 
207734463 136738894 321358813 79971737 1049460225 699757254 160226041 426421376 66986316 
570997165 816476422 679887913 862881637 20054843 542321237 134765134 1019211410 107732677 
946910308 1017460088 107066915 616458079 426673675 898526304 519098587 816453501 947479754 
249037384 430052863 971051662 73290883 637787326 34048732 394649696 717759063 9767133 
20665127 877985104 436188510 87651443 375240446 178923108 767539356 164380259 198977951 
236118769 299145394 144447537 343851447 172313878 88165802 450918362 788771957 514839477 
275702843 234128721 257551155 149440773 483166105 687604018 46750612 556456988 251649520 
80799344 951106684 969408583 90566478 971771811 773651863 526754988 1059423255 75150485 
705678096 753220787 239530745 904656047 989339557 538676139 1049103584 259449180 710990017 
63527562 710367542 426020151 578367040 986070385 660148872 835918195 61769335 69573153 
449780389 108519947 626030141 701429909 189319291 503395001 597096668 279885769 401424989 
297006707 806640757 387106420 372157193 438577029 66585383 611687938 269491252 1055924940 
76622253 244853013 241632296 787612270 308380575 951999839 139890597 886747615 864328400 
800039469 648923986 926097735 869612622 24962551 1034617682 421900939 726392460 150195150 
925295941 249747304 430080919 252979106 546754012 162979853 640085526 918911205 601556882 
706670909 456857319 871048135 688854026 533479572 42159324 930486322 247350018 350539899 
808744337 387240616 163545691 599330914 113538261 812469677 451686825 983150884 837432229 
412562684 331309999 490082865 562757834 182864116 739830170 992838753 435843222 212842358 
82076782 2186924 58011739 683633665 708857834 514869058 480939976 323970036 1048348630 
523099300 180714534 221956824 873639199 989458872 609197440 1037184890 515047962 722735702 
775912744 966734787 632144762 539603149 305555647 963454761 1029686014 868313481 72577054 
695774360 787410411 508420276 908616718 869487193 510607201 966628457 479379034 145723211 
407755691 960319010 469693247 382362497 409676486 650407781 604319322 209573862 566124829 
139774938 173016928 7430967 862510640 948929672 974165755 420913578 414790997 205979578 
310626516 370735188 551236 383203570 1066509548 787961647 891623846 901384443 583707016 
328489223 794271076 1063086051 474212434 128284944 949663237 943905681 510647441 285597900 
520571639 41224939 495171762 12954644 180999878 668188690 20385612 1043510518 543376539 
994551367 390682273 958167536 126789121 701308789 255160900 127340357 10770535 247928625 
915302004 902394381 75571244 425267197 157141781 869842320 414611424 631354215 998127264 
290532837 501518073 435032882 576130737 1022089712 476257821 1071302499 1035044356 657257699 
665749366 1055429968 627026394 135384081 976239511 1017708667 19809793 29286809 645275632 
274970694 156627166 656046167 522899319 1071929171 484698724 598470563 423454544 641840505 
394571059 838065968 199452897 318956500 54856981 700970970 753989382 630987719 649318858 
156505379 628548394 610621390 813763079 220555936 592309535 367047649 355940017 494807222 
311014492 375749811 524094031 956290124 650720505 680721198 538594467 99878000 678908545 
1023293191 698348563 28621265 591391873 19177798 866687233 790844770 338134298 921544214 
418073916 18381856 478790109 1067392774 174887236 33596680 604272340 988650315 254152616 
122840051 281956140 610092634 617647274 592970632 985842445 67999481 475518932 562821126 
748720679 1014113399 662699126 353887400 963664766 287305865 382508665 481314815 306483663 
175454074 198417761 644617962 23256465 616491677 662999818 502046574 610142627 837887054 
535643254 140673144 752795545 789795871 263513195 1034751685 326146681 881160469 553980493 
238247302 949159951 1029499425 801068428 624138806 969871000 390025730 978026207 859793943 
677331595 286793048 267366934 983815258 462247123 465784696 554691396 485503588 8534549 
143949391 987550162 618677177 981836445 449451593 759350321 660890167 165505640 1022863516 
621900028 491652321 830282162 102138698 729899623 705700289 57896299 457226227 256097271 
1027767300 847251957 160381654 813819419 450841728 447174703 7444529 360915162 909421826 
473229225 915606559 321183590 481763775 1059555950 234991928 26699128 967650571 684443521 
786049449 554798914 849949161 735171141 102957119 267859658 491711479 205095817 997759281 
123669944 262992116 381243684 379767216 217017592 154753817 540148870 1030837011 605595545 
987323573 1038281541 966510708 823003575 437768942 808375443 70445341 919532717 794189569 
305437270 946231845 688098316 989880791 658539470 169155407 766088129 319968788 272112526 
1033947787 811680267 477208343 957965245 935350212 740200459 265467105 241375604 957218052 
420220923 781524474 914313239 1025816468 695106224 878852956 918585352 444367975 242880075 
653218971 514813317 88670968 373666716 820250587 1034902814 1061765033 736389554 619700460 
157178616 428735859 939669248 429291142 388941823 677607692 906499485 273165244 539216080 
572958120 538632349 780591684 456434348 958853272 488374334 297005764 910927917 109738734 
102116896 755771445 554106710 344996971 335248593 1068920027 433667940 708915309 815428790 
394828930 696938518 478076520 1014529390 854117134 906812380 880456815 209666452 222012379 
484322683 42424113 495177623 1023538763 615382234 1033809972 730388623 1071816582 918921421 
145021133 295080522 756107514 254759868 397197419 438137135 808866578 742194390 773385728 
804044781 102120506 408559214 545731747 496949436 31755908 1023808267 437737003 885873043 
856878823 244451994 21797671 5149378 728774677 64221785 500327001 678571616 679604019 
460395150 335218415 677678777 305574747 480239548 972759300 1061682261 734999416 296214895 
426077572 470124170 1038409285 125721477 200427127 66787968 534280691 746158874 563737404 
566036599 696225318 1001474407 378167818 479362317 172184577 399965490 484511696 900959254 
464187275 984838697 505789046 70049470 371492023 841007461 747728247 677066770 247505186 
646745723 665007207 982504602 942960618 17342956 378886949 907628080 143064433 579314076 
974416048 677345124 251731127 464411628 169639899 947956445 392144212 547807718 353576938 
564328789 947773208 838088634 391546220 338218659 749185508 897335266 408268129 46935707 
664600904 82254552 724002478 912106090 729000276 315267861 820868868 598219070 332610817 
126013993 432105326 475675250 705328070 332779550 79278550 957059197 797191179 248918450 
831273818 115593567 796726168 111108932 679922356 670757552 949197567 1071468576 1008976211 
624641251 895062019 343502516 671576958 485921099 425757068 321837612 324285365 81015520 
637105474 71412409 679234591 969716291 197426403 37598093 371649718 902754473 370377644 
450928268 786071846 93826999 699846718 543603840 209420566 422831062 654712772 889342922 
19846790 530168515 887069675 1028823001 81067942 708389870 298583693 752644901 120569145 
724340762 740689 444854510 805356282 637846163 516266919 410849049 533820631 713693322 
448447143 905470349 542705971 818824787 282656793 255035993 912651786 982503512 798639833 
48330528 331592750 379610782 937673450 351439541 909779297 751001301 306520718 990847240 
385649347 605104412 669750317 506218492 255703350 670491006 951073002 1061059632 234595346 
393598098 398166858 768415977 33549596 846614001 600144502 576255568 591696964 882801295 
831291561 430606926 791562983 556189571 478937454 49413910 935800353 342869080 400853451 
771837826 20128558 707374169 688943242 405777905 238736757 284951735 911996398 494440107 
955442742 789327576 481757916 116296264 109183850 879924774 884712241 142733447 652796951 
411114919 718989015 170752091 220174390 476538752 601359017 1011737374 1032728323 6554647 
1061151284 894786852 349423727 388262911 592882855 369552285 21895256 208084273 775330191 
260632014 493036009 613584765 755072121 374736927 329170517 163088213 491033191 438354368 
1043012987 302003608 581087815 622068114 713118527 226335006 792820205 933292917 702873758 
320437398 871288467 661860258 326992045 858697927 482905286 676415773 173219014 2046317 
1045968058 195114271 210130591 747556425 455746285 703166600 287399366 137076582 4161703 
616569884 300164796 495194894 1054924252 269435959 797198502 562270243 891504074 436575205 
788605249 610582455 296126298 417737183 931019854 93672942 5855617 184270075 952370869 
488760904 860685848 51848060 490807221 832912083 246962331 700937812 506726684 702708616 
330362588 794126051 839785198 334524291 336954111 66208170 829719185 318136539 335644130 
553175863 880406782 153406380 989751068 595270207 763988835 212135543 1013007390 621266865 
305808485 1018863008 805536941 184437530 433882088 592480965 236285590 924689309 351651224 
483247921 551885298 858377909 112214713 882247886 578762136 951999912 143030354 915716247 
1018208082 972749539 160110962 280110388 452183579 1040517744 433516768 368192823 562046127 
123763780 580328366 501311693 745030645 886136851 446432877 476825762 1070574382 880314965 
1069306728 233118148 731262451 347216128 716366070 209405925 131852213 828580783 17911987 
710614349 706838871 160942341 552588772 651305130 59950057 712699734 931415518 512133636 
679475654 291190463 880326459 167779957 414954243 386913002 669091651 86243064 199308029 
41782704 563068827 196140587 922097670 558633731 429258736 579618297 905849859 71882982 
789024222 1037702073 900463765 806936209 674574598 533560813 967878551 153421547 111124119 
1027828608 866121281 1042539637 466220420 471855112 259988276 272805055 639635069 674942519 
659718057 234984896 761185584 859026087 276767601 250512587 1055166674 125123447 809146318 
410683586 704741744 641254353 482566568 420024142 605214602 309288510 153218527 206047377 
842849323 47355254 359468924 953973442 1442038 151848381 922771255 467662458 623703493 
109017708 740467514 189596739 783960227 326443747 424581635 471403987 111728010 701349236 
721916574 93152861 826472683 457321068 503836447 457472603 24833598 986403016 877496745 
630048200 221949702 1030715273 836095577 1064799025 4328703 121822677 945030643 5770742 
273671059 794060074 473433200 897374552 903077782 140158890 13229467 613296186 466602638 
437811103 10958349 578330648 65418515 732874924 671483509 891891199 116454168 101578133 
275621978 141287766 14239325 79376900 771335967 236189027 36350349 533689720 227246228 
40679052 655512398 98535047 46449794 929183457 892595121 519882995 752816185 721931080 
660041885 766045653 261485442 52902699 130114932 272443791 631233348 195533447 1005318715 
228975033 13682822 48031060 330553166 289304801 189318826 344792491 368681701 960654793 
580981518 405032050 420602690 808227746 445711102 2373264 906762793 492160897 931556721 
725616091 1012043892 610631082 373805347 598343953 302934911 635290789 651246653 433049843 
907734580 208738177 628583291 839311472 437713210 642266113 887342532 768266377 931570914 
2919534 39317044 226510791 963574328 620298563 631542841 310435194 354784485 3512120 
312808458 187805455 495673017 170623355 913421546 433975085 781254437 213485069 1032319038 
10447525 848775858 609823867 443497368 682768614 818562044 1072080659 448338262 182533431 
640604949 261938970 950799808 498434039 264858505 990116852 724944831 154691009 536673591 
282745848 465126203 891458077 286257968 777934661 5521708 781930985 948558016 918943254 
142164246 656070629 58686499 100741461 666518154 907462357 710565328 36273699 516489147 
455385549 34612534 964827410 637918980 675217483 153024556 514976964 99909699 417883061 
431351992 824854530 572574070 968025584 33858554 1037700273 785741837 320116523 741893110 
791263545 28305684 616709302 636464975 170469931 199038108 695151474 271211392 865556262 
528872007 981776720 901829961 1045361154 363420445 936442496 936446740 1001339425 537918155 
15729473 442574565 637827854 433612534 873926558 388940560 1006186605 768210318 422799115 
970145054 480210331 742915638 638296341 197732052 771221322 181263819 834197027 941691253 
380301927 455606677 139160821 172116366 984478684 47195718 204503 956098014 410616163 
936646999 818802931 338213765 400823331 834532404 780788330 1038651185 194403114 580973064 
353849922 126847895 275441558 776649037 23251126 755651889 445822851 661547467 953383941 
143302349 842811286 713839144 11251779 149371390 95703997 150412600 321487756 6440857 
197608318 321692259 962538872 608224482 184597435 707599979 946438247 585420766 468390559 
653484753 550330127 662793673 160715994 904180049 789641569 436157552 607087262 812892695 
118067618 1052910113 400698338 1071451559 122470639 169767800 711548880 133722418 319139190 
807252877 284135018 640626946 813693735 481743337 962319206 702490783 16225995 73174817 
336348938 962664242 658595583 804739497 542407171 135183886 393791346 703123165 1039363936 
109691091 65538894 572709374 922583786 183606512 551877664 249540300 181316247 674348303 
419308101 892865127 808070721 738447291 626376181 18463915 305332414 366328092 500207252 
193909796 1068818875 516433247 267084613 331425989 405355665 925680196 62423662 947762837 
1060864082 456215008 577144178 1026486194 565906100 642683072 525453745 414748062 826289584 
3589585 664288363 1007605832 677937888 9854640 826729135 412266785 748301931 379363492 
430730700 1053634345 745691584 930937953 173802317 740768635 373629376 440886930 1072194624 
778985042 292825302 60876462 653006055 279947561 517091471 156408409 232691931 9255747 
799091482 758145676 424003809 551639242 761735261 14550348 485503250 365931325 24404988 
238490562 778198110 772706920 617854054 135186987 752599441 289803815 1066124940 926401759 
1030572450 366012492 293546865 1029025251 71255710 586372168 16159889 724261765 866319729 
533251360 880670175 25269836 542507107 606019833 783415513 966510917 83917251 471408950 
981061265 569420502 837340276 1005466254 807911064 541796562 704431350 352023294 676983549 
383288967 641827109 669366665 235948902 598657736 1035379158 529495768 553941163 32893044 
42126112 570101052 757154810 908445841 29610589 564083161 933715677 572117696 96361170 
643389366 464886789 180278421 41056493 372206231 749698923 878396769 303930661 483868163 
346451507 1008362011 835891458 1023435057 317909154 403976743 619059898 553858057 1002634479 
580697232 9612001 482833818 613590277 51738113 1052934871 297003263 960183954 8803636 
861086424 820157807 580921332 957447594 389805350 1045808122 63984191 430861843 344272529 
813683115 235516788 648203190 223809454 581968295 582823377 1059700912 531661528 900732531 
389935832 76979603 380848764 318828487 657676835 390460765 801662306 197525288 442198878 
780855353 494528551 328641008 789658989 281873151 75056992 296838497 165578921 464862342 
268904795 229563113 895724185 613177324 1043246228 57499149 187638690 193313858 639467444 
770462067 179272947 97387149 597452775 569208779 174366752 978301539 888037266 832043587 
295020481 615957748 1029568876 737219359 323071277 450355603 1065860368 38988442 732228755 
67175536 335826940 897807676 532037878 604731735 53628965 354020239 144167236 23133369 
411519388 331805926 216447228 1050986832 28526170 395720175 74632157 625978945 964928954 
248998909 530538660 779224396 7300673 825559141 321440321 1036869549 489036677 644511598 
413483328 481155221 683500041 71970259 548330757 1019326981 969777936 6626811 550316892 
1023406901 360647050 694484128 1046540271 772166438 1026290055 189245675 749411446 1054816225 
584965850 824043604 607053346 476152980 1073042513 63850182 181635552 6601362 889409324 
503075873 1043470911 304704177 73845648 383212416 785859398 757345689 455182675 260448331 
702930846 351218787 267075142 179505914 300883865 627722192 873990043 273682312 326146806 
826538274 462927987 1816428 807612675 1047893837 825860032 340924197 450304993 825160722 
404774379 631940545 831762084 220441879 61274595 801491172 525146056 135120243 110961764 
237263630 892465932 566144439 497711961 521654954 917363227 764787103 701160868 144505268 
318767471 501409087 418187580 644914277 254205537 881115567 646730706 1061818212 855267580 
398848914 329000585 231830749 150267812 733774965 863771294 982029897 954216844 925045889 
709779245 405621077 1060166132 820741009 642884707 878890240 313143624 66854845 326803370 
156765027 831641948 1027964239 301270295 76667596 455631502 719457875 721581873 709837040 
526831618 294570755 697913428 308357374 693419670 1026914014 540188123 843687482 686947155 
330217594 751975555 567422175 181521659 388012976 973043252 167945968 135012161 542186136 
1046836208 448155786 609040981 299897755 604920813 366941105 254120170 906191109 443608701 
709751672 551907160 91448751 345846888 4996955 386019506 1043760317 313354329 5697352 
996932507 853542453 849384835 610137838 110018223 527618566 103818189 291539882 915631543 
3119618 459485850 1050643704 545305754 432580235 425057666 80604911 732477990 1029978480 
447546016 986598160 862427765 891154718 622608008 340593101 982603469 968454897 345590056 
294881151 938473390 658944386 300578504 861664073 438745015 76221515 398060087 548763238 
603840081 501878276 840303120 445729800 504997894 226047147 422631681 1050303648 658627382 
847689347 57166735 317363548 803926003 504712752 230219884 592611944 322125646 852827892 
933205046 230987291 747540965 205053278 525868442 612272531 863997664 826446946 400194780 
229000855 902668461 798254867 777764093 432766719 226391320 544325390 878496519 731389214 
770372537 227386376 707951039 355258095 1333900 765117774 672621643 805259903 196088702 
902841527 324130024 518214348 681927595 183593246 749201639 355726737 388646524 201328258 
967999268 178902365 1027775204 294452225 407903220 856701842 18965268 111925490 215726737 
245356588 656250880 20481432 976745803 352881593 247867809 610955018 708139688 249201709 
302330968 307019507 1054461612 498419671 136119210 304849812 1016634019 818046805 488443058 
692093835 100031718 877089583 893422093 1068030987 1055991948 847455473 288741388 390153344 
630415491 307706656 502078834 846142228 553063245 84587890 866623661 456067224 437469483 
40749646 1067022242 71867347 289951355 295611386 378886854 270671143 794031057 515006064 
575520956 736923253 259311046 1063964014 355275264 359342764 867311773 174955533 353631927 
849561897 1022411006 642373315 165973418 579084674 950079972 668052252 351485078 429401393 
752640143 144366915 885468617 116367802 185116561 878749035 188235150 475067916 100618597 
567122004 745739060 894649655 8386245 247518192 557831084 267697291 237740382 913106348 
627040055 31310332 14320057 980671983 880872229 1036731063 549303474 1046845647 542073913 
425641622 641156076 893558992 855043015 320054395 1037925907 666769808 436422197 149300645 
471777019 624657347 624368561 572395617 118037528 296365797 393303448 126423773 543883989 
951134532 394121064 781624372 790499056 1021161119 812934704 804819113 928091278 620065109 
767808352 403652929 593168933 236140442 829294551 160583185 55957610 610595743 480637580 
20141693 203623727 917059777 169442338 675400747 467975301 793810900 174054540 586012829 
16434873 567357988 712436602 560318863 444750696 32815842 268201411 161507928 1053976961 
7394291 966327041 908326416 627459400 660393569 238237521 146886509 896534011 1067532072 
307469694 952491621 604385991 788107274 972633315 808009719 631425228 68333829 409668642 
25658705 862144729 583723182 611671534 878579603 77339346 250366312 365156642 522090042 
283182154 633358053 683597970 263417291 640752344 576183187 98001883 194469920 162834932 
336239404 341356430 1059368944 330029653 648826124 938118741 934415644 363191575 837010232 
668683539 994616803 905344062 4610357 1020275508 693746967 588333539 558205218 498584746 
665672885 808571530 863741388 114021103 18011860 423357617 797619073 281429151 1064109961 
300060436 379431035 184838058 462895369 715670439 526194488 448522489 1045700092 101278788 
312899406 906373913 464470363 76167815 501315628 385345342 981511877 505925986 331879026 
601517020 20517701 890084244 26359943 686190587 624913950 890101331 800211690 642925810 
239717125 524088940 924354962 230085262 824149376 230044173 414923320 213302921 945714612 
941117808 661825410 917672881 1042396597 974724817 750304970 433125136 1050892632 177878774 
818470479 958662685 683804760 76607681 486437881 704322462 966691926 512797824 316771225 
517864052 329157332 43241091 87048039 568874457 567330031 1011403001 798959719 317737584 
167705350 140141216 531040505 39678138 7517200 119124092 957351019 1049913797 20107085 
633914165 409297110 1070999717 811792940 154025765 955920578 421855876 230633446 368616635 
52436514 123583548 881414460 369207739 641447601 136829968 412448831 728495640 705704425 
979778862 666156817 430922320 223774622 833862167 571063536 754815128 873540305 578580737 
873939220 757149501 554752710 894046305 317321842 964049820 891304198 55372958 44333761 
773482952 477228835 274967208 68357763 529665349 398550756 949772223 898873089 1039998357 
12860367 237580096 694752173 718564792 143617134 287167166 75745289 367391757 47287509 
646808825 48465061 920827815 151647738 922404281 604235492 706400449 742708762 921557334 
596708445 560271136 976930293 641042207 260012264 380417304 916009415 328370027 910082653 
240818347 204400427 735213918 207074881 217260794 972794014 901827054 935825587 42669325 
115252397 1011570876 410061082 162539906 584637877 458526143 9625897 736285616 307188600 
613861389 368944241 1049897362 461676900 965652686 536426674 364865369 532953069 796438938 
745282673 375220660 51067141 581623502 616039008 255467568 243095597 823113889 472728363 
142147787 651199119 334812126 184817112 766451516 272641178 594878194 928991423 857279055 
1053404337 938617320 519822847 286851113 478736886 888767088 263006651 940413786 780677951 
799433325 231537331 239889196 522130439 976820004 615109857 573197581 484701682 157407041 
828665149 727797279 980520930 227651688 869945067 557978225 562463814 1054762179 250687918 
835104992 575898550 105937517 618642224 555561063 1044554837 64723247 842412177 449549899 
953490336 31677004 316221861 660426463 831110330 547759192 900315659 279498945 450837372 
441683692 852696526 935539055 599090733 607619852 589594510 505869839 835271540 385797753 
1063848065 323993531 366818109 240794159 85356699 942716659 346731676 703998923 424535898 
317544689 768722171 193206251 767094589 648470683 224883256 9574626 235155322 1055993586 
557333819 61729157 261750707 1008171191 503412850 40705410 869968422 28761759 648325262 
385821109 534631599 409854978 771618862 524737840 733848509 64695147 765531999 819205209 
1007411806 38521851 449462308 358205881 356066540 144442655 551412132 49419305 792913338 
776295388 58993932 1028068660 758547150 616327751 16055994 1020297858 550757118 519468844 
1061003268 346983717 548230603 635586706 732804826 9120378 1045441684 430681864 533858218 
705548370 495377012 225648393 451011755 429046994 264170244 900474063 787252875 620236785 
1044916719 264923184 669656090 764088233 1041218572 728650022 718415070 726023899 271235949 
734471064 672579933 821993068 180198084 659841377 95234961 728428687 221686259 828039787 
737549066 193386119 184979827 197665460 898934489 680356839 423313854 276204420 35662010 
687484098 102936660 822914885 233979059 74111555 14096245 903635150 838199788 1055314818 
558543348 482873034 707596893 829779298 143602274 306435002 578030542 323800358 966276379 
673265503 1052229046 114220814 427563466 716036288 307606933 612543293 913701748 132799599 
219158309 263273778 409004019 254820319 950757877 511940679 3993380 110995112 586052234 
18089626 1014630262 350510199 1073404444 499431787 833383233 707259513 255469261 976985508 
1013694515 833499803 227044042 906229070 433023482 205531264 1020449884 860586948 921567552 
254314993 399388417 761527477 387114592 618546726 1024801255 796118612 873367045 901817308 
234317467 877360426 1012812421 820369702 895450052 953700859 97138077 895112672 379390822 
930521310 528630361 634860083 833764994 468583052 394618062 1060809037 301070298 827641544 
192598477 247778358 614486668 40424206 502093351 1013875086 801951683 889207944 558679988 
753011114 611584732 358305210 581086599 845902199 161923812 520157196 592530077 1057373864 
400116231 689668154 878744712 779507054 546447641 333633249 340625313 306470811 802216301 
735243376 293538024 29544775 489143096 486136502 277323133 29887941 526560708 779416484 
1043763027 254770567 594882604 528701191 1007781681 132725512 887006401 515126456 978627712 
1048930213 1035283652 497415965 1032562253 361658060 113342296 837565141 67423290 659789937 
97456566 408048603 966260748 899672867 69550155 186056949 929217642 558693252 672193451 
132798951 588581193 125012335 912215436 558602396 379782902 433356216 13561763 313822759 
566081729 900568165 828949216 470967617 875756554 790491044 968383582 834576984 78407280 
7984054 598400301 145830570 667773991 695856868 553879174 560292916 521787911 623429329 
746349865 377263730 108380757 344801492 510062681 696961950 469813827 348536293 181822522 
849596729 781892510 195384286 89677664 274232415 22210627 918626880 745200032 897967181 
635376101 639841790 658802341 713783381 647825845 183460819 859613952 241858012 879317687 
339751302 802150928 327363774 963180631 474758969 704627504 1071561389 819560461 140948362 
694781515 215632464 489484655 876604038 1065229193 197635341 1071988324 81165034 471867756 
20457127 999791914 143325964 918424308 561426191 783167755 503484826 201467749 357251776 
686945645 1061081701 599109788 492521508 327091179 327518893 819885282 216529986 802277862 
450770963 214349551 548096500 591719325 909131067 763728964 7462156 711993281 755216334 
205097498 710239781 836381368 676965254 730696908 762431458 820291219 575379392 250115826 
529717150 5122394 451583575 886968926 692068039 438923452 412336890 110847723 766014631 
739855783 930733006 982544617 468391822 307762145 123152345 1016488322 899481470 1032283412 
706475462 906943626 670534869 387949972 38299300 307032826 150589516 715264555 1037729734 
913020975 461813950 539367302 89394977 991531100 544489697 540978552 804758202 162815912 
979902004 143353268 273663636 672174811 883209052 130654818 580977604 277859050 438416963 
704129949 220605548 264156609 662671537 927081010 97358411 259464582 241289159 135657712 
566497408 391878675 850922267 530485318 231157826 238994393 1069852621 320552803 156783669 
540600494 861531355 961541871 703416406 767691535 31153315 977080042 366124522 914362367 
33993036 947102127 118479593 472409999 577490252 339085141 736566608 166419966 192424328 
833925020 425884548 433713487 969582732 992381957 825592162 746763175 449125451 1056749989 
985757568 445236248 303560968 68799413 985836742 91350500 1030341284 615511325 859042035 
1061494599 518849543 151424734 902115143 552842580 24785037 1020594736 1025252579 602275289 
285938054 688077364 768695255 478362382 448260560 120837980 912075869 344101468 39478113 
663926207 17122819 488603564 646934372 1002880387 933839813 950495341 1071679800 845934731 
1041845841 1028279260 387704232 827146052 1016032035 906553776 978570786 844405354 385654532 
1003355823 791258267 337165287 531889289 3454497 1025242651 226842720 481816879 399761387 
347680700 320150924 743862855 387158813 984077131 760985674 875762378 557269680 690124237 
735860367 434023197 688062213 508053274 402127214 642599649 895757507 155531442 584889861 
728569459 60360405 355553391 40482167 1063716228 73069834 377647454 521863693 76524331 
329148282 748706414 558341210 728909669 22645290 878492134 399030701 409804104 788827442 
86274551 211824658 272355298 776398789 947685025 706378495 390719178 381996475 34763885 
1033318828 204012158 190295327 544466865 932581617 250655732 900020256 973063784 240630137 
973090091 276969415 762493830 1049614422 606117697 437458420 534213809 261285542 460103711 
338964119 660316243 869907815 54049737 746590795 7990649 326405035 449247760 955675674 
1032783530 839966938 263930325 1067547415 799543942 467942484 184100919 270268983 326782277 
434756651 96547416 226104238 675386788 1069637507 503073653 364138795 1045510105 35449526 
801597215 505982090 296735068 187959102 844946210 957051312 1057866917 898995947 629900283 
1065857566 151659159 5406219 947791416 110700865 845373157 137979918 104506457 571175276 
605922402 288607376 841444259 932704679 723364027 937991675 85067093 325008992 933887358 
588140746 689147787 905655640 623590272 417003178 337895906 920325341 604962281 109100292 
803634829 589087374 1008096240 359793288 581203117 86013575 365199507 455252709 196714440 
136830840 593232627 301220897 708006116 125413205 589828273 475708552 1058117885 239450477 
339958403 69443154 564459469 200103938 657583901 179865432 32017754 207432349 596868610 
369913660 54015866 128089067 479013953 857650695 717176442 413368369 143702159 224637735 
499381944 508901666 679890444 696096384 645732507 199381248 997317282 279996799 324794453 
513403731 755705351 309170514 752854208 21921931 378613669 243571853 222025869 1036197570 
423437285 254043623 169888095 1020305896 623957283 223903962 74653139 29229412 7812833 
791829581 442597781 151514993 1016467316 941979725 660416659 622615937 564334286 232407342 
821997185 487909744 512404142 73049814 1001313475 194367669 382220329 680425860 216289600 
760833998 923997713 438315469 723289744 273693175 692359092 893177839 220257247 242574552 
43339977 294910386 271803964 51152811 12998144 714401746 202667804 1029465460 582639647 
863084463 578339573 73232109 21749982 326594934 561141853 534154124 399644749 488713505 
728521793 781865078 95397541 944811394 468957252 1019395254 309385039 118505172 219346605 
1001744132 1011683011 439603852 170576860 1055022989 734514239 442380824 32433976 747512383 
83040746 235101780 703236019 665680394 24444419 207833769 738912503 46194401 534428703 
226312533 580348525 934073452 715026038 235128495 642196706 810423579 106198065 37412134 
756077009 415583104 155917306 975423615 343585412 93858494 341285643 514162272 75139659 
2058058 956543097 107573635 749570441 1039583843 342675415 379064637 631522413 367119834 
586898406 296693093 413314236 47585285 523005626 993662761 981658738 164289840 155049432 
550113620 974713419 261247497 587525755 657048604 676830602 743443061 558730395 1020416014 
837301555 900016039 460836463 912441214 902074097 343637736 1020014849 577902715 309479755 
288948440 956967352 941002169 656068275 470123934 163953438 1069382511 517709219 686959064 
989303448 425626133 851248904 70611057 975739754 752220499 331858554 489523685 335527279 
1008689156 159224922 894257675 955363347 996526478 720531890 342457986 835225868 548864163 
686095722 781498894 53025054 995575477 1070447334 1009992406 862835822 652773785 406374516 
1026789260 648414472 924083736 640006500 563976097 275968045 417513580 634587154 177965975 
95992255 966445708 667489660 431519535 901393041 826714583 252035386 783014564 749499237 
972567276 51730726 510983281 447689615 737826448 218740351 500714670 659660101 215445862 
436965252 448754100 868219647 843339769 401801536 442892296 693681681 1041808037 1006868393 
969649726 385579793 567713723 73873878 481572049 460417607 741363538 913091584 288068824 
494336297 91385146 1071083388 170093710 1063952422 49072290 681076992 437900213 786898738 
899817343 938614883 372817016 41521381 301838312 821571116 909741029 71436257 149630828 
278891501 765117938 117697041 212018070 661025840 503276835 779731793 734899718 984848884 
166407576 402521433 824198644 454476401 896857730 915583790 451817965 1066951441 905794388 
500890256 674286609 269952777 214047170 500362128 134825837 586864186 541883510 436664149 
334693478 377882715 508100406 484324307 656774216 199476520 602021348 868792286 860502360 
31556359 574782255 521660255 1016405243 741189831 924181688 766862063 121924408 747297594 
608704029 573742374 740507211 440756593 890806 341051996 710709371 214937976 841414125 
845535208 801802163 309555811 208457533 62753817 687438526 716557939 547078124 270470918 
916034459 75357649 65521380 702794995 106914008 640303635 150713426 49577428 307751642 
1153290 816439491 429676051 748450885 351401697 1003418425 415216272 792158290 1004309231 
756268269 429125837 145505383 523940570 200919221 947307546 833496381 409376754 1010061364 
447193083 52192869 483397664 717664001 968227328 558755313 783185381 597280500 665669322 
349747192 747993926 715246750 657498834 749147217 457944417 13433061 423856278 809346114 
1016851486 839072550 527762581 947418893 521598995 956888418 19182453 1045539565 84065816 
966489999 805294122 493442570 902809539 178745381 545635440 312465380 896409382 440120944 
871220693 605852939 1037401444 463148191 955600131 711653547 104653117 539357142 387058940 
562597535 552790203 810915218 298201825 495899866 576245944 825964406 369576935 24103116 
709111001 388759388 1069642681 793176817 281507564 801194980 212877563 110575279 979940361 
758513003 423040659 802607920 124892124 220519529 334719035 88551744 683667720 216577343 
800205291 788320838 755934485 113522407 277176549 234982864 924437625 575378374 730882730 
426941746 327600957 26717842 451044862 1036711958 415477230 446945719 756146951 696984794 
174398875 969024514 807560074 80597413 653795694 156858909 883205333 778687818 377378438 
144182544 867239562 1061046159 360759887 593703030 775625173 42952548 707225437 1052801722 
277935413 557921239 554438272 1008818143 984862985 882039229 1035535985 362166023 845009363 
377271392 809111742 527414490 514362 983510618 422697181 808074436 1064108031 2751051 
964933346 873571540 781438869 268569960 1017754084 574936607 255874295 304772148 94897813 
1031499468 347724696 802123251 1010559366 625660109 286302666 491255815 560736429 197423827 
299553220 522530590 559589850 70820760 899801982 294959768 598235250 900316345 204728562 
1020932431 634648957 195094769 1023683482 525840479 1068666309 731380527 794410440 1012678570 
232575311 1050284735 243708894 327473124 1008042380 591433590 55854551 944859922 143351876 
342157217 362373913 704088305 539581044 661927134 152877071 25429070 732747894 1052679054 
320388839 257241320 879253575 525117401 204431928 440160708 720212171 154373586 966001188 
715136656 885754114 686669804 654073402 44587601 663212715 897782296 372060725 597513271 
415474063 427915277 468631370 558825939 770072494 831005283 189172420 235911715 419190593 
342049491 261340785 78196663 320986721 581729624 335437984 126498472 33105202 539869912 
566659181 753317373 694243498 458918545 394712205 506255788 71846525 1048785608 550843389 
735059240 872826080 922904115 258830688 214558319 277077568 727462058 773384258 1047150062 
484725517 962556678 209319953 903916111 230864346 470660739 982112774 551851067 1052390363 
243808934 678349540 11753741 783678846 171266897 765071114 404180521 630185442 86041496 
910436309 702031967 61085280 387537875 363349383 933911360 236700166 622180071 74727856 
513777734 275900305 848112114 487185972 760625823 736926969 696505926 590800110 967791315 
93424841 499171060 445900558 72073380 742979995 50508274 83827122 452917017 221775171 
848898236 857097538 851960613 934939732 693792024 480250756 996025012 7588075 843600140 
856194549 244288241 392038387 930922405 758065975 667938693 705292695 171510123 354822692 
368477840 868016049 945622802 262527331 961440890 371052038 708427890 1033514271 40290209 
758936164 43599569 493207227 980711336 892497805 276562941 758930125 753695714 970354965 
165439058 675978902 977943040 1009039198 458431627 148489457 327335761 315612208 906555432 
995274454 1020904904 4323732 276355322 315640920 872339781 148236300 578168252 760038848 
519288339 212854318 719811295 559578548 971790482 763410864 1052785775 878759994 582166845 
255606893 563948296 262120735 152220034 729387354 938099638 56421251 664684728 322789441 
204910708 992020489 638401650 37724317 913553120 585564730 42048049 116166618 901205650 
914387830 264402919 405632078 600684854 783691258 618486396 246754325 269527982 516535055 
1010165189 248571934 321553225 518590211 504178827 885501521 780710946 656398861 541147051 
645068760 712820112 132089955 967858202 917730821 50368621 532518028 955455138 963921741 
44340934 997503187 6346535 945546584 838149193 270749454 277436839 365092224 1054440712 
895923235 611846549 250226871 338716466 548269915 498798805 660269692 1066860126 1002977632 
472029389 773829248 585634669 1013176441 345156185 224712958 71524572 239272563 68701955 
121893193 771790591 1024157093 12073110 816131525 947918456 18419646 687936285 712325825 
289169100 965373124 3676225 269867989 787554536 615522775 520094860 52529178 90050866 
1018893665 712798870 83169168 948129473 111086436 856998416 460022318 50521053 128412777 
684735276 122045625 367685340 753437231 243938819 65734107 703852500 256011929 881865632 
578029132 274431575 496060094 216613134 563600676 387691394 220289359 833468665 101504106 
835812134 279821701 154033285 925863000 224973542 866832155 1009032168 99361191 977918591 
792288761 559383509 1028439644 920701538 170376962 76743446 214645055 923814193 320682265 
280379162 553924870 576694194 88502971 58212178 851125770 584563065 274825312 340984622 
972254459 495114672 100711463 16742 257184982 380533164 154050027 109306159 605506706 
1020882182 44596503 704867897 925058950 836885264 190509582 879756770 683844979 360886544 
956500216 898490034 210958914 203440657 105127372 764883784 780134852 193630343 823095962 
557518798 778193408 24179451 898503420 676706044 519294123 999214883 676722786 776479105 
306006223 830772813 885785264 911512929 777913171 930381768 542639002 629230297 693525208 
733148584 435245244 303628363 20293305 318003636 128376573 231252219 521444294 233503946 
996136003 227837322 427134289 745490141 785356120 131585874 769669592 610117716 808291918 
215221891 535590775 411272880 991700997 841596998 168303869 803744437 679368103 946217040 
660384381 148265281 501705514 280167766 881413865 936950758 583796129 901707170 181212570 
712172703 59217565 702656864 945676649 1055353568 930494186 299069114 727101886 642108482 
430654988 423029654 178484374 165205082 638251546 714075149 576477962 556210719 481930323 
744781831 286213332 87556602 617257048 946597714 235821883 45220738 153023656 43493925 
982171496 736819785 945201095 89642242 375250664 1004418661 792299107 247185489 986030405 
649051469 546254604 639390467 217418128 976909592 1062420122 395902502 68372851 626929844 
36235828 644850813 109398739 518166151 315890821 395612071 605722754 933147869 268467961 
841544637 978368607 421491617 885038562 886798279 84569579 756497834 976440521 459820243 
687174671 694997804 707005733 599463252 270307450 179518513 165111896 487725578 82686281 
153790194 883628080 151059132 780720038 919863908 795909946 890118777 364288236 38058943 
211989024 970010990 971206812 480456986 737813803 875833595 901948603 549110542 688890050 
986518182 231866552 591588747 372596602 919041223 212844728 5860511 444762651 483152178 
185379024 609874547 970877756 268065305 763664741 780764012 419124438 470642955 626886097 
141292560 287019908 991174333 179351503 499008933 887443499 76816491 979465919 551515478 
952650086 807672698 26884196 567798312 720449057 258750748 85645235 19303835 104050147 
298489963 25164346 548812799 781642141 210543370 84945522 678778073 478608675 848610264 
385800262 897733113 245511395 1012686359 1039025673 532531304 930118868 144635352 1031540237 
743820543 221451843 937264332 221594197 100360105 671195206 248478394 668158417 317902439 
507229142 753803653 337206274 611279290 1052293616 362370620 86350265 760193934 572913990 
171295787 365230183 1051522666 1019906051 751030445 875513955 191675623 689974980 840797805 
724206927 546352024 985433157 682005340 216430743 133143177 545527848 438024941 233503282 
142981230 686503335 901661700 460883670 119990653 581723529 798089944 731269943 560275321 
86718741 817620208 246727431 659632731 988915996 611957615 637413573 935080223 289246236 
439185705 53014022 979221217 206241686 777220949 451831417 117933019 385484465 668262161 
251076196 931012313 32545278 484579479 251720 719048613 312499355 461135390 839039266 
894222884 185483510 496567386 380756381 272202251 240445770 627483813 931834983 155619942 
165699604 495506732 16958342 454945840 934692437 69972364 360425233 67192299 847193314 
812256651 185125319 158935955 406776988 436201515 16206445 439322266 920780994 16458165 
84629055 159538525 477593555 923668321 1053761409 663077065 346493883 360775967 935279317 
586939654 988259780 793372476 742559596 80217560 215137384 759517938 535163400 76087998 
829490303 895588634 143280297 602941793 634103461 328405616 761877748 1040880449 764607132 
778084193 406460891 611646302 794542358 491089946 771184828 198394089 341016443 751204413 
861471155 687510327 38238556 723008648 200708157 1026498336 442639300 943267753 32974072 
657776684 629043868 568137473 733864682 384792347 389984283 877144980 987734140 1024087744 
131808772 675870064 991226369 896415904 380212434 323945436 434320383 101012968 815035382 
131763387 299407058 82310001 882967800 87136389 769820328 921206357 810145037 970528485 
873962869 179042513 840054415 906936942 836819197 395356459 401332591 496942056 780148806 
791316874 300345212 694141122 741662794 432153984 296269362 659147339 254828065 676481796 
983092775 689148448 777494765 724386333 820911835 3159999 806696334 630137811 90296388 
502774839 477602344 900441425 399561500 277823390 5742114 165874091 111018508 842561311 
561230550 512351099 265761543 267637532 229926149 566106755 961778654 971588943 998260740 
184306193 556994458 179346981 860787989 466345409 868495429 564540930 116989918 615665440 
567700929 923686252 172061427 657997317 352719267 649663772 484696918 752280768 927487162 
490439032 918154859 1038505670 259258520 405643586 477114945 525020063 673281118 707041094 
17384995 561317949 604888213 1015645735 745624142 88140847 121250892 532670307 554486256 
989746321 23469414 671476174 531669937 591170343 521420602 703731364 175425837 874139870 
279653312 660122755 552678814 133398650 76819964 397091849 98162496 336078484 802735435 
575277441 861098547 402274730 208576711 878483542 963592679 813464924 820387453 635474997 
901605771 941638345 94403480 382350203 857642842 117872894 1053826377 315570955 709043238 
501505156 1019302320 884469075 301903202 225213808 470850006 854582016 358612459 547669970 
177932041 456774955 883748454 980667477 1032052397 671105178 309200383 166887284 475846896 
199051238 980352209 222492526 834526235 808216156 90389047 928929715 116824536 948031890 
1046802610 96909089 189861021 682104024 598414245 135421517 492831275 900317447 360635326 
963681281 681157639 719247785 437609428 859089681 102280916 247616058 766015334 60591489 
918721236 1473893 227478774 320826309 200525131 134089159 543318835 1035051366 942305315 
633707882 890239257 1059129851 507997948 863300043 82297117 697858970 471662243 680711362 
833280487 964493518 507286986 120173989 854432976 114702801 839421774 218300580 973792482 
941702691 465916638 666065992 1002294180 310896051 667539885 156031130 631722360 868065016 
290120289 101299371 829374558 158683781 735007253 645871992 144071808 169263378 435430211 
226368925 867122348 907092455 907080288 626661011 797844149 340625450 746835001 578535301 
455328251 512514951 796835881 355378910 380475818 189010696 1021444902 309028175 499906747 
615242964 465059305 57887283 409566156 755179595 159186654 165198891 913863376 894193907 
811070883 1057935184 1063457285 172759270 210562286 856837809 6109901 43900750 409756997 
803954051 384526200 82850174 308747528 839854451 595365125 31841586 121491537 975840944 
220852282 69194616 211127295 720759029 684437580 676186600 778646312 20261912 357624371 
937832966 185460803 197745923 758285049 996531686 181939284 748000511 95549133 392501570 
531096496 101659034 436402320 940853493 905613085 820928520 1023703667 140618790 587041147 
545326969 172460376 708532685 447426089 393312658 777727301 658553384 40329863 388423057 
260998160 818976175 408684969 618622532 683067317 594145773 816368455 367610542 516935635 
998307739 41869229 612484768 317067485 572965726 714143803 753469805 440077395 546015064 
500656501 390039239 686633854 13955825 935366208 859094230 722488510 309050473 178665064 
426473987 967603857 218994927 814897044 154860193 1037971102 149840189 773482725 647296595 
743985962 516109357 1014907138 187179774 440675272 1056776367 799664542 757742758 556000269 
440066521 437470739 996077665 986081586 938127241 312375080 598973616 952083066 173999464 
384326023 600829752 483049937 562991087 1027303739 376911970 781986015 768458959 531772163 
746215293 918299148 231513065 319770065 588543287 747622422 260935379 775723061 114555870 
243969922 501645779 872298628 799970192 941712301 236027544 722306033 854052063 100412961 
1034681113 379283855 1052496027 134938753 763609878 579583955 617988690 252859142 533145870 
994900660 1034845157 227863005 452930999 707318626 72420329 684444064 1027088691 660963616 
358324662 214282246 362944853 472880533 458252169 864590633 271437337 184480537 732561110 
507464881 906786570 512871349 607877842 867725859 892155204 586632045 1002664612 582023259 
92474176 546911478 834882401 625620046 468070314 795985734 853483051 921001313 429562536 
925903381 531703554 382909404 513125173 890028216 597191650 876070027 289166925 1055443819 
666918836 560604263 166182532 325738122 1068069144 1072969102 838609471 602205163 866953137 
657022851 115095384 795875925 165304286 207569561 269045579 1000186687 833189607 737115893 
722430597 612930835 584375383 78251310 465092392 42337113 461160714 978217565 932365329 
1058352364 780545768 147790431 1040054360 373722780 708394694 132495068 699460902 702722014 
131722347 464328549 231185353 998675484 47609577 346280738 720809586 212913863 553850299 
989855165 139358727 313298082 653229235 861789324 926228917 163862794 940040634 317579485 
206199907 327459524 222055227 64823412 312070065 1002600995 212613843 278382601 302581952 
921008537 410877669 1002042854 549988728 542600016 392629580 781174081 467533677 440239157 
53712995 114601439 653153020 607563294 30714780 792511747 920861377 683944015 580559248 
773348470 847806809 446858058 17186132 1054006716 774317583 239241359 45088305 12645824 
168100530 257702148 291028425 470682482 104968862 701906094 398983513 654957590 170764287 
791613093 362389847 638297964 158110426 416102843 752899403 811263446 1023666137 783614183 
530033370 870785690 393816375 36850794 570392337 167881360 483708852 587578469 148146253 
184284611 826819828 193234558 196930435 994920358 450936706 487958860 391861017 555905568 
116123131 790844530 137121334 286887418 508715799 499511182 925185382 666826225 915614025 
604342961 404347847 865538338 314215320 934381217 662582205 708031695 971232011 159232718 
875913056 381199040 746811187 1024059309 565483651 499889191 143552043 762414087 421067725 
594488749 176631123 812928742 76652494 292754254 530031448 213773828 579641672 1038747247 
713285010 431085230 631831648 555157211 1035428191 1036179496 346953726 275901688 896818889 
1009535931 983933383 794309077 95026825 786104615 101766293 841838012 736422100 667249944 
267985379 879974143 355922207 689053104 400721069 532553331 428240023 477373563 825307585 
958271471 691147391 331207434 923276895 330690578 762292664 481366719 885847789 723979032 
443804391 159059691 999880720 266881457 94853798 910072279 1061190534 189880623 622435071 
89215003 1031718635 285115347 756464947 225962190 91347667 38645331 915015295 492068736 
571198662 269513494 969442299 322764423 154043141 586847866 653971857 3578212 917538444 
342522698 484944932 729644410 1066501730 928749323 888704101 992640626 121888956 983557900 
828971081 109337666 99696699 377664328 198552669 57673511 662779676 955017617 283635701 
754127343 993662948 124909172 172454255 491119786 394422666 68154730 813884209 548465808 
655002596 394114243 552044020 498799217 736636941 1036988952 154701803 729396847 891996452 
1043405904 648295649 1013885408 953221980 403524906 49481251 1052918680 781189235 248033920 
36850367 370227087 129309713 320486068 50612606 49230837 445395241 223066861 540350623 
839817907 291221591 280493009 314541891 946224187 674607252 866585912 371281580 337502369 
829833040 525983383 1066899216 648087668 495647464 641453041 588231253 375127620 1044977947 
637712504 354304476 752425358 885746424 391154843 48910621 1015056138 711640912 99523227 
1064286975 83294329 322590088 530895775 923112236 613811679 811388784 163912304 486294043 
412254212 1030498216 857575623 749756581 786589432 309817183 742913973 360935277 805464647 
310625190 949166530 106850443 281861313 513137210 461154920 1034286672 325141810 852309763 
9455469 266456124 490208851 108978697 257001276 573503180 431568785 787897051 422873593 
1045380465 525544011 586785897 457932684 937798223 543542289 241766483 613812980 256389897 
551583666 282985129 617325174 283306489 593610319 492749880 390156933 875471632 1005887090 
851311853 836016480 257287077 629879792 845471950 523743201 46346820 954450647 780744477 
619850000 312277608 494899704 1042723593 283916249 1020443715 555767666 741848933 884500114 
25568131 983615417 424571270 281958029 461457259 707556399 899283203 744763749 227424894 
318291260 61178858 29154703 250436526 912490711 865171183 507723603 468628679 636901309 
1031466805 514975499 517610132 738469458 61083676 829887741 159627339 30065445 40062166 
106329230 585833112 781911100 990829345 611401243 691784693 341658791 893359272 79500128 
1049215191 718900652 824263877 202898261 1037191912 885442735 232052964 213886614 724191622 
23482324 721610218 119078478 660383633 679335199 634053977 104251942 344062833 695137653 
934139683 503690172 725203099 974201849 610019403 237294387 682371125 527106924 848695630 
300413994 868765715 668313079 379914123 844239082 313471907 130436176 1047137344 276921995 
1015878912 205448484 490808609 666328710 228930808 138677003 785407188 889314442 818012202 
345719342 993566384 88333212 1040856995 853964243 592023384 692318270 754424268 128300963 
929612657 363053570 655407887 704566464 663467564 450431779 299137719 1043381687 220929037 
612609626 100076040 194324557 889531621 42213128 399773042 306598406 708541838 628703850 
445275410 420207203 444276468 189545788 765926545 364101028 277879000 733041716 144323447 
869902385 351618163 898747716 998203348 207488996 188059462 579869412 912055460 851527026 
1030301191 137451355 821166890 177488404 750060981 921242930 371812962 565850778 963456058 
771586004 872449185 598256072 326548030 243982771 1018463275 770824499 433528559 710647996 
61183703 711407560 369947889 205507151 507568121 721566052 30513043 432029645 929055048 
218572505 1011899057 767368685 1070099531 968458424 904820040 817524597 72205005 581139198 
665025703 444017967 73248152 554739937 141862147 945697337 79254186 468410177 115938284 
23975637 165492852 549466844 734623634 226676556 187132580 30829699 432183707 694700701 
752395751 462696750 52988522 607708975 681269255 1064887580 301335836 677626962 959604180 
132414053 421409736 1031809185 713553251 12693615 402085328 786801403 567433553 543947475 
658756917 646687739 1012357653 774695201 670663376 104108681 250420221 331545186 330785237 
437552801 362374885 762968944 58511678 41028812 151923870 111500201 648737788 833193125 
102645957 950073624 437078264 1062250137 8745853 858488000 1020317499 722299104 871181615 
348661003 435358684 364873344 892608479 20373777 1011561083 831224308 795068978 608482636 
935332989 1045489200 940027822 192376403 409300177 228660884 955345347 467811856 269689696 
33527394 579312057 918427484 866720519 681958014 794759285 230056959 670466327 803505138 
14803135 617042002 452062419 885984751 965703006 887421103 177116271 784569661 907794880 
114935531 542052145 629122034 723418167 403643310 600869410 589704165 596019713 1010169588 
818365049 477623237 404239620 14312922 511150631 983551677 932740406 304129326 591767867 
653757867 534186286 188492370 383521182 548989421 805534373 835583601 361232348 697495555 
649262880 538348620 408323392 483315936 653284151 950375537 38696146 302960494 280277023 
639565557 892664659 876296737 575993321 637287885 280178150 980232941 651600807 791328781 
890042794 510599389 21716283 408068837 90615433 555902569 596561207 474136615 31150167 
328353756 235978392 392382515 1025849311 885241272 930731135 360430879 294815384 510273462 
237064592 333511530 813233956 517341616 973077087 632156792 319896529 475328584 195702853 
600074679 381819701 847303660 317661636 198120671 284161225 339377919 606189508 374776658 
895280489 129008892 848913273 926430656 457362648 11149841 245071347 409470136 896391113 
102060659 769901015 117464673 612334121 1006965608 450976204 351826254 450565400 350311467 
983983046 770461929 825640052 105944075 296794784 133717929 953247735 614456420 331838601 
163667136 953834339 938028109 538443795 775373004 1067037001 313615244 628061836 450657826 
324765086 873133184 860127962 147414375 975193843 556287153 264879049 513786140 489510937 
715855253 865612394 940076337 1066166720 775853616 636796442 818064948 881797691 933591226 
951782878 761303602 474305822 209879655 924970739 354398338 74165940 389672710 56029518 
67461118 703287954 684091355 518118944 1028053040 483482715 304505082 101725592 384934734 
860792235 366604641 898720874 276561349 8718070 690591445 142895862 1142966 392703237 
779692305 819207915 200759105 639541707 697248969 962062707 40105706 907128624 813291622 
394504044 981294564 129222508 450533562 1048755682 832510463 60883093 493132802 786821679 
544365808 797637884 888547271 929300542 584688296 181410088 754279593 861249645 190128158 
