631481512 809998062 477068966 301322746 515525103 108925585 1014055458 891414838 565867744 
694540666 945624665 657840699 103282177 717254342 991528264 72288458 576528232 30259552 
780049215 569112914 560692173 851463470 403800040 92903937 134846313 363917045 406986848 
99619999 972749846 242593585 1034644094 530489534 1052591647 437971236 831812280 494374926 
546896821 772125914 312047941 39022741 392924756 183930782 696863440 496206933 901185124 
614649881 568495391 403971533 644909433 274802783 973084447 131859782 52524429 303142663 
224763719 187370742 667059708 631750567 286990742 566067730 874344153 247893012 22815440 
853193976 685864249 854627720 273827079 159019246 553011810 585875020 198041988 945936566 
769805802 894905428 368401676 597249103 435813485 936897067 1001220636 6981094 137958026 
900563259 138840877 190482455 129964098 363604596 377853198 797023806 995355164 664843940 
289349712 795957493 912736952 312165152 575409645 524859377 93051048 849236724 683878624 
646062858 361369920 881920612 518257600 57433899 703084216 886659276 654683002 65155878 
749814520 582161814 72136972 887772546 408983249 210977849 4513178 538947347 574582446 
382366376 262229329 496195786 1047210316 551579041 218411455 886205444 863744193 793821100 
337322998 956795241 569316001 1021201622 529116275 930685921 829380410 1047373875 988119820 
458722802 860291328 569060998 523878680 536364024 77480988 596015653 350394746 486464237 
806993502 354907924 1025411584 307834124 737274300 213899089 804029910 710742792 765478130 
1022441365 523206413 555480499 742520642 860529411 438533916 238094819 807989209 967650191 
95038916 563627795 941282243 9416913 1022350597 727831747 578477911 472487454 190453947 
655958900 1068503107 540848693 68681313 801754785 895756618 20351074 35847086 559289094 
234250163 839876996 196290063 999728294 788576538 719496476 481466969 457355356 506284063 
920000886 695450175 240531448 813909253 790489091 804159243 681449672 799906004 752768016 
335539595 304642092 151513646 525993542 960600992 146274929 1066842236 1029282305 948029715 
888857030 1049633379 983876801 374404300 210141719 750011973 570694363 136128189 464846687 
216449015 617595158 922202043 722733078 463854220 543910394 963264526 204021650 260657662 
693681945 885471322 1060563666 372708138 147269094 291463934 524221784 673262636 178323102 
670496714 666363048 133863584 544784605 481478254 109755139 454919582 855882555 319896858 
131189731 352835094 456025047 596036419 569284110 1073620206 444496638 218275364 463732602 
988407033 107798067 667754252 175322871 801480012 479483751 162144713 100446326 626752845 
453608648 624668111 226273657 631931750 221423001 892636706 765795334 766207606 300373136 
875550474 147385364 82513867 121705508 278575095 435348962 577730556 874611514 1004633072 
577608938 245366329 149166612 1041341540 160031538 256964679 635353969 335354409 1058444692 
41095896 497499122 85149194 667848741 951107770 709817305 894122398 509297697 931240306 
713017280 201351207 623706088 1013390417 3159857 771091452 22162460 124865366 1049666548 
457511422 702595922 850536238 388402670 206463036 22160743 537569283 174062752 182192281 
794533962 809416721 517546690 779236830 850512617 1015045813 864386025 444619534 892411759 
500461506 265000109 327967632 357959989 978017389 529318840 981666077 917665982 532478697 
679015706 939828443 657344063 654940430 323598041 286198161 431734844 712000712 492661197 
453895588 175828171 666723950 636087869 970362133 402398847 79892736 675857140 179169641 
21196725 466501341 623789175 913608484 966962847 888789284 167834293 251181012 793064850 
697153133 159105266 636989008 155890006 838120972 503075627 813234070 419319578 826673669 
25690407 851054422 464932557 518351605 231208186 640760728 111333731 867296056 537381037 
513732578 947188792 139496353 692902219 968385517 605997694 242949571 808252177 499218718 
57997031 976086470 750399730 851061881 599497779 909504996 414309066 755387786 673884144 
917384693 494880032 19461898 670316538 520570439 870516321 61507271 1038922044 27982683 
702267999 76513951 895278739 165907213 590246530 768725707 305403566 209406925 663369400 
911401261 452356496 397879754 336878155 510353528 300224400 13536061 287673585 899722180 
923041058 701982651 581368142 523183378 545625521 2506350 542645277 142200235 523076789 
339419774 203707507 488257010 367402457 905975506 564770961 188939373 1071882719 81275667 
957665080 303544462 290682593 547292657 141203899 743039089 945172411 478082054 179650793 
171654987 491618115 467324379 1071377167 340917349 95565206 579003485 864100728 641190727 
581509835 333004181 783390963 30844801 672423955 987098470 519101811 1039826412 819332152 
10130948 155023961 817473048 91406616 38947218 47275686 382089209 586239875 188479585 
51386474 457670462 666561639 231037268 629325449 84437930 698361647 626960793 425355280 
793926853 132222454 215714184 361375757 713732290 548718365 71024896 744577091 147400496 
1058123366 189937078 113485084 803713694 200068026 268509046 547444918 291474642 307456264 
594720604 673563851 893696139 783200189 724950326 277624777 376020004 955987594 906950226 
460457935 580607417 460169195 885813215 300792446 592391650 27785575 662168203 232382116 
576503940 733193099 976959207 723904436 717574641 93154461 837389520 447546512 293222487 
32156742 994991430 584697130 339613006 515970211 184519157 159567321 225428576 909469483 
437192098 601448581 791715253 270400501 1061906516 298580846 730569696 873977907 599373293 
249219522 901763482 187799672 481601638 404525598 920992772 384819021 54688210 564825589 
477973482 892077730 1012372101 771195970 924234473 933621708 282151276 190105655 375850095 
466670433 349672977 601278671 302398093 786865075 128985428 20371522 1057265576 117150120 
318952369 714093449 991128027 918325662 963312971 819149685 32383510 371172786 149933459 
953376282 755991807 204621669 444460048 160223466 22957576 383090325 931419436 947192049 
242970209 139828888 63555880 618820304 606499321 413228857 146357152 908897414 126352109 
275342580 929268937 109875861 392492701 174479482 823969310 309878904 19063320 713540458 
55286766 51446830 10971420 205220225 1004823113 766963227 409841895 375541337 927186693 
432799471 758631662 784864305 306249696 1001601872 924693193 369805576 546680352 457450691 
783034434 693037504 292606281 909386543 968380085 148133394 1019262404 287130962 322612876 
769489891 597009866 341676196 409288525 652296632 393123027 420259945 857516858 324204316 
113481348 193616929 699745653 1040668042 626416400 384635491 751790523 932666096 312495539 
602741893 228729848 859175892 1060192584 1011764282 478471572 279057041 847409001 373109833 
427190436 792929582 660240795 749803312 488677649 183508838 17737685 897966174 835805470 
410860712 244484295 619580504 735065028 357965643 813197433 361068857 324891861 365872009 
745704348 2940561 224796281 1058199888 605682454 453526130 843633956 592133214 391548588 
248363704 871190255 165215766 621473538 224638867 958145348 207972509 974442180 373081173 
391481347 992179865 197305523 153544994 329298753 441789818 773125498 1064363781 799755461 
512581108 351690814 50905499 878453117 23653338 53846060 29507575 8111402 659528514 
483033705 851745358 177919904 874582293 26367239 1049110159 1039798059 647840777 200007203 
924201583 855813286 100707559 223540932 173552810 19145600 420846455 327097804 348444353 
862636273 26481478 339066310 588649911 539062586 690757124 639555410 343773880 714410462 
693401470 373281455 722521865 279188160 856315160 500525399 457108064 657155629 526892638 
432476399 623211865 100991591 632483602 473671624 956804878 733191161 697212557 56615864 
752336761 44317188 383713668 27039290 906953462 410195146 366105600 421861549 949257733 
1056862724 1061416959 219289789 697531363 681076605 592571244 346311404 960264765 375144580 
846836803 343631005 1032300209 299987618 776107404 581770250 400979209 334849183 1055441875 
284042263 1068040344 678912608 340658127 746635282 723229796 724371795 773674572 556441434 
60825118 66038349 978302983 1010082851 49159249 965978118 155630816 746690612 573312899 
748202060 19260192 459835840 49604816 866096996 803466845 8163201 92342790 505832426 
589933452 493321999 840681609 571633503 777364263 834980129 176804287 44280566 507873587 
900034083 768652362 207806336 382733694 829477480 273844685 287294853 765818507 323003934 
179531148 921449323 1069694547 752844047 595909559 15212915 138938064 645514375 881309911 
942404909 653677576 973652701 374495511 169869204 393232877 141435296 741502707 96855316 
976415426 918306994 141135882 410547189 744599254 909788244 618353525 53591124 665523900 
892198210 340885977 357600583 141460321 520417125 205308082 137413044 199519349 801217641 
152625959 338457413 372990192 1033935871 207120498 1026667769 933846748 581616010 122795149 
253337801 723051306 864297857 350193117 625724908 708863027 491329000 1036272098 379720457 
327375420 580883799 433311581 992899321 399340186 774197559 276758080 540800507 220872860 
482066163 678213551 420392209 209541980 830839510 758849622 582532173 791033557 965970121 
535458118 651138482 473844307 658253267 904476283 123153789 448809300 180927577 748878698 
83930504 672256577 711408972 463650961 999631997 218550947 896962543 918789494 617891133 
597418278 121805751 84949816 818291138 603871914 763163367 164941524 813413894 520261054 
923791146 322204243 237552787 816019443 857662361 888691269 216121926 442173805 719425729 
339275716 890983105 900353306 14412590 974913609 498868059 725821562 364822747 424758232 
944372509 188043466 269805903 488521819 785461744 391611654 573471635 530011058 995483568 
262893179 694952582 735155638 783154233 545001905 1057359882 1020707020 287279524 841280419 
835656466 503401451 209712400 481340371 842677167 26953682 307951853 857089757 1001867291 
806819912 509169495 292948214 157836320 379800180 480991680 427642223 868321999 192711600 
819253877 368051811 722722659 740995621 630944990 343933417 402409436 340357399 888935322 
386027494 287322595 102473023 153566089 49237237 605874474 363278490 530577608 374809817 
390232172 838529461 158157750 318357639 571607549 667327245 611305854 729443870 1047127425 
18555710 83344269 841707601 211267311 902598147 136017588 933989970 569851944 766962578 
204181563 972261380 33578153 19375062 284547050 320900748 121848085 438113140 370137986 
727722559 801391630 900715594 28790552 117881978 665503232 186948302 436239617 163368957 
854275547 1047545471 892812827 827661148 1066101182 976157097 595626925 203626669 805013420 
731644513 63874815 301123540 424865267 268056378 199643097 458443420 287431440 484190147 
779344169 409279525 922303287 75740331 63260260 649953093 976455925 92050812 767835071 
568217333 278999114 130332865 731586291 59532837 104136512 550657294 887193986 96495870 
453072567 409079087 300122539 184344163 66981777 363997354 485467704 491847044 632053733 
685110801 950290465 919485173 95559124 655892810 255022875 1017862412 731633141 318283135 
594073681 634347242 410333948 288166929 128822752 689333062 418499794 860409043 748865900 
522636306 337324513 562318062 619132177 790397081 971397149 919254716 974741244 1038378926 
209510247 386467124 456484147 841563980 1071577925 333032788 687307329 93395226 988925598 
942330204 37515814 646816915 186871516 631589495 207422333 597205464 919756424 336245085 
212796702 264514394 122912304 961662602 787150701 460236818 450238840 332541054 176892075 
347894166 178053946 77891495 312531268 387564193 464358620 769015415 155386349 462194721 
28306379 842693679 555589947 1017231977 711282059 593105761 590307068 898153575 150953433 
797729402 421617215 1070709857 60232663 634413918 261482428 183144968 522334696 1048633129 
643381786 972573537 307432359 820273861 246725879 485486305 898165356 559257147 873050499 
288782152 254530739 1028436848 750976874 282837118 797388703 232824997 226327272 434928939 
825930759 816634340 259340690 976884192 540621918 680957906 973852225 600854582 241630000 
161592829 783999550 763964696 136484134 353639512 662796409 443916493 100171549 909522288 
929402799 998336905 395037612 728711474 213377234 649568351 683406498 964354108 932405469 
407053378 123437281 84990917 841982317 949368040 901625258 27581183 852510408 368505352 
708539089 752620810 969359934 950169089 914213639 679617660 640391962 1050697774 1033257172 
229446547 420872443 59686897 65227012 276533418 1058023803 460264624 1005244892 197659213 
36091151 614909567 88271497 968496620 1021962945 211708778 1053487538 790203438 87334995 
881370972 817784621 939845403 176134500 452581887 618724389 71752611 329009152 459196205 
751370271 969401114 436152155 710885620 125105838 857024598 770572517 190332850 59816193 
754854496 650597474 1065061085 952513709 686688625 606228828 1040785206 581443421 554449949 
178752161 561189135 270911563 266087156 368818283 14954361 132190735 544952784 467536248 
750915125 616705395 796545400 136369506 294333842 692204691 572521661 1005219462 817310529 
355804435 702050156 1007643379 415620628 383162828 584499029 406939890 261934714 197445830 
1013168718 228978096 778889251 493876844 407730257 266336563 764788407 673817413 635154846 
779742768 806008149 106365806 173537192 483181450 723071201 970082593 619550956 1017405044 
588545460 118330793 948882682 332114165 474135228 577191014 266015720 889755857 960353843 
850514749 222953923 148546733 1047960579 162380817 377524829 753108006 656257661 785255087 
1019444569 347304245 385330676 580857592 53305189 117597001 687223398 226842382 600778451 
336552776 123183151 146587583 280215996 711728611 264918376 155356854 1043842776 739053605 
732547869 236116672 555067638 619159888 12889597 778021561 767706621 1060850176 940402378 
71489626 740216358 522918216 856744713 685919104 870222461 168333566 193034872 923527650 
285930567 880258270 76628208 886709019 143069222 199811359 1033296602 423285218 911539970 
224473155 578642073 881640922 963526760 237448118 44015770 444852574 856608006 56905367 
149132311 550572803 44013719 15792865 622062429 784230078 538711081 405065319 396407358 
335191718 573398885 589442230 184977545 859329452 395958676 261605753 672296647 539027899 
461417113 631851426 962313117 299215259 856324581 467213366 107114358 746109517 704661484 
151130128 117220267 487527666 208035496 266352578 1038100469 252049215 282145443 586421075 
1036279293 820856525 991486394 358944827 82306419 491143455 948387057 267283964 276731083 
270603910 528889718 949027731 809631809 990306831 507137333 698203102 215780266 289720090 
91674645 322894624 1035829607 796336129 474024753 79308050 210121972 682060249 345660628 
174480617 934109464 627806071 760901692 896646934 374920772 678646262 181849937 457227192 
96047893 56495171 724511156 372778977 327099081 179659050 248064884 62989066 96224057 
755202217 761192168 312004324 1044922307 852866813 634898948 1007010090 575461119 35181877 
12576316 785583091 717242126 358236944 960063708 577609767 986043015 647223577 400514877 
287221964 252128015 582364814 744449156 348175909 638859985 395218488 720954886 965959066 
574877539 969019770 1028948132 671101596 650480163 716398477 983105920 621660646 495523466 
544263045 554928912 1070984585 579444922 567505228 782825852 222945225 925742172 669147737 
800554992 838043363 242629490 127328045 51523503 494757505 709692859 795972659 842933414 
274811021 117449324 490146476 167028263 692326863 385424422 122234572 289686635 1035904585 
838633049 199050732 583823407 260414691 743313777 65010495 257657453 249016875 632515723 
1040483305 471962100 484516071 635889218 198775268 248817611 878518708 326103313 300341114 
299534390 1035796173 22571950 68725980 236865370 140021274 558872457 403893633 832348137 
944296879 526128205 48292948 906459641 291019430 247343680 416541224 551434122 990657457 
481551720 809091575 165932509 40325619 775833056 637894609 524841691 337980451 836669878 
773659302 142757335 89031367 258592 442291725 51085716 22830542 511017706 287951086 
162851816 1069890163 691844720 995199953 940445218 144231101 1043492902 773163035 435250532 
217094758 115962436 986684654 134010392 597514156 722034405 299942901 637839775 424125637 
937837510 88939642 762106088 700765564 862598944 904863424 789796932 862857537 273413325 
840882648 885688079 784431031 55091911 1048539896 780579370 746936631 969998025 647282765 
891167732 939749103 346703976 252676440 83102038 462666412 165619270 217112430 1060180568 
887653675 517055331 624278520 238037489 381151017 713218162 1000143577 8174758 502075283 
831265177 797971690 291190996 30936679 565112514 103137251 815367710 620204425 77935323 
522205257 293399232 1047933349 95746198 110825141 913940628 442450174 363501581 997042666 
905116587 529120852 140413272 891555331 343032703 657468603 442092027 581070192 1038619621 
81568366 507471946 1046794379 583643649 264995299 771024245 874834645 295931978 262394935 
977971896 37557865 882599361 1055907220 559763122 102256769 1030098745 655509320 213081910 
870297549 24217670 576583492 793598392 929334257 31962520 934011664 747147765 374995223 
517738444 115497968 956065416 482616241 197066334 389795538 455668796 780709983 654790837 
152951217 581802804 950722816 415346152 486032877 988280681 224203689 468198273 474301979 
326460459 424555194 56069475 539542369 221110919 80287145 42384037 1014709311 1009621403 
74346557 874979152 683027344 449341781 318975772 798525312 331665373 801592013 995591647 
721460911 183518985 702559806 302509924 336470202 210620787 179490916 751816354 696653664 
94029773 976020044 91110113 568331752 228738679 515665307 624401227 768281048 736776226 
704688373 810665086 677743714 640567952 885011643 478981042 249853472 260611600 797956814 
1048378784 592276973 525807003 970228607 239996060 709325988 599046590 542505985 1045796190 
809667377 721996901 723870720 432579217 816026675 626148940 523689330 310616603 854887619 
1039354637 935017831 549426844 702389039 565964380 286350106 306390929 132790508 97619925 
785371971 382643980 358231526 509586961 357280940 950508499 1035393964 253767724 116762736 
670978128 852814314 659268721 643032494 588739867 307523798 293161391 1021319084 49808649 
919310331 471266590 360425253 700456127 436879403 221701260 176141147 65526618 787665640 
462491253 371917548 920456148 560111178 83547695 229358304 918342704 593134657 586639244 
795109380 554786797 840406968 911872116 152023102 619479458 497399013 795055596 134477501 
804922811 14475163 82054761 854731461 933785495 553321351 141414890 560499798 990200754 
363116150 736640945 1055727373 77039966 125390374 353903097 997496114 685501552 437450792 
153112594 530102433 1030585449 739751838 251469989 511630423 506416983 89600281 663653525 
52154617 586999294 384967297 186632119 318180281 399442461 268686880 99169918 259486132 
822008232 240584808 819985930 738467162 603700958 482885051 720452711 680740924 608275425 
613984 604495214 220035153 438064777 757607808 750137586 394908402 423617823 1001607575 
906538825 930034806 17466032 496450526 982189423 604465326 881417824 95079718 922645608 
207118461 363766599 1021815526 466604593 112033007 188658511 212848699 850500169 792359469 
695733750 497211057 399358570 230267351 497825041 1003853784 450302504 935889818 687719769 
126698267 257056397 37595768 54564018 89853398 967630574 72030051 586303925 876078173 
676495377 393979925 971157892 525399161 601098386 261182667 473472864 1067702979 373215674 
662131375 206809854 149974019 380749020 902543604 647185076 780107590 59069131 71268294 
710219551 509371635 1007158112 324197496 636069902 190472685 361793264 690633921 280326084 
255682014 762663972 866630009 58018363 365417525 186868110 1029176255 890816687 787966496 
216617098 290547727 781927651 589832772 952679102 988737505 739806792 259686298 817539285 
313250044 1039793889 876608416 384518338 676271616 312238227 317934627 1000469112 948308130 
508407312 288520552 565200227 788733396 544202566 254122375 581621581 602220929 619539900 
768489691 557655361 436614763 482714363 774272459 727162490 190900190 290363408 606099768 
105895871 1030170200 865786067 923435156 269678420 831838132 726301748 654196759 434367924 
1038539976 972131386 361095212 913106282 406796874 649615764 404564685 121788447 120076506 
658687060 703410028 722297435 204485136 398157896 206210972 641099900 880872259 980483432 
294520566 1071772450 197105016 900620335 103926497 153533392 692664578 1027361654 423211812 
450760886 679921578 3666747 885128810 644719730 975798133 172482198 484084188 308853184 
822097962 888648873 430641631 942174468 473594109 60309835 590730079 678079246 458467731 
796941052 245437322 265598167 703682660 539957888 263628793 900787676 366836399 367555290 
1054321068 1059500977 321175120 403791056 436520039 1001096699 407457804 247907025 572074605 
309514113 420389223 1056158794 618367297 168745361 871065843 1049008928 37178005 270918129 
35576940 627908085 948997375 494044671 351107313 120692873 759642838 1054789973 660650761 
1023271631 881835825 1027487161 317085098 862415069 1013246314 638260218 192464301 376024530 
565615093 599922105 623931555 63947875 909436219 1044320779 46364845 454061692 139324316 
917430688 429328797 176502322 114606993 464905737 804410407 1063604368 958950408 81775896 
110555417 644851423 62824045 771206179 594381230 944659870 724951516 911466328 733333115 
664456006 475984723 925797416 1040480536 1041599816 451977698 590670268 31805867 287672093 
561249223 78170712 741733785 700573539 995601401 97320758 877075861 36466570 562226495 
607744444 26329115 447435080 689520340 136884532 18544679 752344385 908090711 612925909 
623262431 559300403 450650414 282853722 150014586 926635137 134909315 116753298 894493129 
586887013 707423566 926298997 874559106 194930965 1004469709 542551067 895504505 926329286 
639871826 698838542 962795857 128356497 232841163 989124972 575791577 922361503 52267680 
594336256 600964065 960358392 133520342 150484672 445916971 584170756 433338395 595931557 
437064069 568247710 712684856 257815374 81392899 346366598 110372547 955952005 541297564 
41100433 424761248 363060245 967429719 1064633074 1061898787 856483752 119247748 220998126 
771866900 695039325 69617806 824134581 215633758 670581871 710751149 349154100 821066543 
82926296 933324856 180663114 678857854 296647101 748910824 317800886 554462475 830303723 
664167484 664835023 712513904 131723224 705935456 63533329 494783469 599623351 54424579 
482940433 382365280 173672327 703938559 80490356 868711653 773556365 904624937 10603587 
370396412 541634262 359757687 117721132 624560559 219340719 298384246 229676589 515987820 
1047295071 547477475 1070450295 803856970 137903135 661543494 442629051 269626360 293737126 
506162380 764409829 893360478 560586959 173608438 201983934 734259287 877546998 282474290 
529229116 577361539 113357404 539832703 947757952 654991666 899590390 1065479084 205810401 
45189285 290121506 435486990 561177105 263674753 982964465 557885576 1067531724 47125777 
145687247 436418951 316752137 439424373 942581331 7420142 259043027 429426466 181028581 
461026961 89943929 1058575579 743501252 619173045 562195294 856858656 85263924 436211422 
438108498 984854314 427948682 643918900 1030043599 718070189 5664066 517478880 981744942 
988628532 1622633 975534842 1035754309 147309880 338211969 278764622 586734253 207051476 
286184764 845777281 636477943 467213345 233062418 726421872 452047100 976563670 271853094 
1014242395 759680502 357117018 376711993 124047177 268229509 804660676 767966077 224531284 
448989041 773630143 742010165 356992159 688516851 743632798 258785178 650529336 890942678 
596997147 929293958 403935107 804048624 141736899 175970564 366784743 608950244 409032983 
19464791 1060997345 311854829 291317885 1001497916 1071535332 648434904 304468085 121840685 
916664413 35386937 889806762 67453873 484375978 589695081 809464038 841368138 204470109 
479355012 26411492 854999445 296555866 623408639 710551580 700490974 353715439 852288479 
876461538 720500182 387496899 211752697 739964974 374752420 523607527 1031282859 302508512 
521401035 605975939 606976598 643241720 448898528 642363535 459306658 516352402 52997690 
1049001739 252074616 894365828 179730024 731429629 920777320 1034729470 1027985495 470444135 
671539226 654734645 824159575 450085881 457454360 470917933 837582780 669207057 137141083 
138593377 119072760 94682119 441101889 640473795 700658058 1048078487 209973691 75814763 
616700199 669280349 592167165 669697889 644540265 844241781 490321893 824270289 501929586 
337357389 785257935 456173258 807801524 383055337 37166079 558219275 833141218 494620439 
1029137209 596982175 90085673 92536468 735575552 209158433 187218587 102935617 849632229 
887876646 77272281 1059605920 963691409 693972480 655144446 482116750 289928545 225942887 
252616707 780250438 1050213176 754546294 43866003 761729288 136977728 851667527 71042801 
174143807 336144979 904184020 668764247 291540364 427424371 758849920 384076832 89258099 
968008353 571295420 192193716 743898758 385430242 269465997 729762855 275379827 963438477 
311165477 757496577 179625198 537108364 1010113284 959875636 513579716 690917754 1003741639 
201567180 827895482 781667343 272609982 1002039290 44070498 103052178 597061713 335610862 
530476549 282169809 719687694 619734648 176436338 217241290 811928364 920335097 602671532 
7652538 576356128 878051359 971091015 887521605 561806112 76974390 350888145 498177573 
1036850026 864467861 115353503 966849842 1066035042 943248986 674775361 264903200 871546452 
718845859 367955378 394866341 1054456721 898431927 677036150 700402591 444424751 853472488 
917643882 182611291 700065761 446573590 190263829 202680065 250883126 87613021 16459846 
812689238 164587411 367347991 237124987 127695613 158074029 352478491 20803631 150367247 
221985653 695578992 415270447 19790281 340683027 783225825 414656622 321397924 607915928 
17950948 1021800516 1052340679 871423436 865702574 161210146 497747374 238534340 351473976 
700427439 489417466 439086997 716887286 228364881 603674408 10493453 465489868 731370021 
168567482 817968359 752173653 318934729 1039954012 374010821 734205176 1059744293 714693849 
443689177 400659091 1036091773 1051605105 418610039 984150465 1030203960 216291652 776111215 
117672283 714039026 1014645556 469146259 340724641 430321198 908233256 1057611927 658686079 
438165840 1068105381 50434124 95794037 162931039 868402483 847967690 481865769 834614672 
148236688 142329121 820617141 862930537 586018299 147534409 825280486 563881580 566144448 
735689128 520343717 782436100 438058519 638016000 422733302 378962251 33420435 763457944 
809283450 941653691 747328047 394227705 306077707 741691604 444661829 401871744 904622644 
239322489 176097611 312746589 195337 324334299 455075710 820812478 113523012 1041094009 
968346887 938803498 531233766 460749512 600750802 1051577483 169443788 1038809322 615851659 
592177091 344029749 649272094 281893211 79571375 517183961 1029221258 473799081 823261668 
697171039 918460910 151391588 528051859 84041575 327489199 840798448 84236912 651823498 
222132334 905049391 765346510 189484520 799654454 630408185 720718286 186662142 157417163 
698553945 356105931 122484661 240663780 948283022 466514411 889935874 156434409 546085786 
333378011 111913843 1019884867 82897855 809084882 864603954 234289443 263394917 948645529 
561778643 30451541 1032882442 139860317 252583876 864190009 905206828 442068396 590102639 
461873189 89044858 776764782 619290352 787598803 59128889 741775014 1028262583 1007411911 
134547601 844456633 90104496 680633387 104092820 202018339 626776431 186990675 1011103222 
417638561 421280118 200756315 292542266 983058761 231207857 251682884 49177255 483791733 
42131069 954384083 925860129 632233709 342515448 1014904987 335256667 961805800 728761966 
394385556 629838990 683282725 328055643 764386591 453997534 418160139 371278155 558090354 
620178478 998054586 745081029 557539876 341951323 92619323 758296192 634493589 1936261 
989504049 886176474 51113516 399553958 928307543 1005497599 251672263 486799428 274271223 
192835426 822056095 162335199 921597392 142699827 792174190 531138293 470755470 482818957 
985135827 888915609 854097112 469484357 435352264 778409874 140823562 992892140 46619373 
233442885 677446508 681112963 235379146 593208733 493547613 286492662 992762691 348113332 
218248437 170693130 834912761 492519660 363528556 583227032 654854860 211384124 725926860 
373287226 742522417 122940506 856106183 653916420 1011856116 636461472 49658953 373466556 
341129522 190482515 292616872 387748896 423925401 970063381 1068861859 659304547 489530290 
488667648 945797210 408551158 836780980 90303823 579244288 597951917 582823484 942772845 
107437126 163936520 80415145 833363986 537223746 822937563 956304492 319588105 403112159 
894418784 956049577 452771113 194143516 223437276 643253628 486760389 611186172 1067179029 
383081946 606306207 652741753 872612236 21232031 524797139 207421570 858013011 615100962 
786665859 382223105 124182622 655696880 489660231 288119142 736112025 249282393 825342888 
485307764 131845061 71189170 888419924 1026263846 1027238747 267449213 146665538 176934199 
910702841 633425927 788120371 904140047 1016507873 320684754 483139976 815378286 341916785 
1007937115 1022799856 126187973 549296253 735723891 508411078 673478876 317678947 998071309 
961598018 1053790973 173611878 713199083 465356913 305456939 784388253 280035013 257978961 
737885176 547484226 404644500 914819376 384445244 1038070427 629197923 214843467 980836477 
949882678 697983443 722472939 218057639 632178734 671530971 344245612 107733163 333513039 
852656690 781212039 651191986 776986175 669068234 631241135 950598053 308525493 22856225 
182313169 19171922 302891238 440292130 757057098 850375465 844936630 598134650 161078885 
809265234 153590750 375922352 716359887 29731604 163971 365091002 247789243 632342705 
1036621973 592034856 740075868 296393188 370949722 447546084 947585175 74194074 42872494 
505084486 1024792127 351397987 527940711 133363472 370569909 830831950 573655603 53885183 
607465591 344850409 652019834 768544476 80373819 805610584 70725004 796733706 835342188 
70888975 88082884 9389607 703231680 50963034 601424463 369565724 347356222 972374186 
817111808 221199573 1046568260 859984302 726284060 997618563 137640465 180482947 57240212 
508210374 1011314897 630895815 562095558 545038664 975746224 140373568 239841316 1056120044 
945984152 310566320 779111926 707584516 381455295 867194811 716974123 10945151 918157845 
244656763 380510876 191772243 143289125 123880860 412971817 116115561 983865163 65514053 
39992300 47763804 245997000 97232512 555974179 183570074 728128327 44327913 728608738 
630132728 184701481 968450055 612510948 56943809 205274551 317881050 764528325 586729847 
111334037 407760624 597674998 1029491882 652417387 978185874 147522302 795706512 28324911 
560494119 911822073 1012190074 626008172 951814374 1059953878 872005172 1049046886 542186233 
1055575246 703433390 586514146 710442161 259824294 771215627 605150392 872335242 828159436 
810424943 116474468 518945937 323412966 227808506 926706562 921087965 183558564 505382125 
825532015 331080866 227346814 853856926 891574985 65427063 792305176 443841333 1017241437 
778517231 242104682 992546500 246961640 223938104 622238066 833475787 934380265 882062360 
530949590 465788833 680655778 285367203 202471953 797130246 804313140 525884919 1024938752 
657277878 373231060 134755493 88918180 125021252 465836359 316264994 978878178 283669521 
381692057 697441531 727510854 325191671 402216938 969615536 243996347 649178578 119811817 
866234413 408912541 1054192082 674554949 939862132 446239092 281468903 151487511 648711045 
4857325 955800651 100854140 1029796078 539336706 474085201 90809747 628254886 599106453 
556646106 944519880 504242807 840315627 252470113 127942514 494084658 577661784 530159452 
389958370 821658131 105596207 509770187 614150720 514508748 490220446 214963845 380629056 
936459538 496432748 532116567 511428759 501290074 414175395 612282899 457344328 953512101 
12626276 548154075 508025163 611732729 31058357 378803219 42233713 871373985 631273332 
170176227 291716819 135193293 700335680 681675189 956851424 805931887 117703553 497260321 
246698811 607923999 712224166 627327868 470641713 134915091 85702611 982070472 636205165 
499878006 520611547 19807669 379648283 533237824 567961744 887673446 71228729 599020101 
192734841 113462442 396652262 824008174 283638670 688369081 959201467 983974350 296302447 
842311067 716164413 414006000 265829564 962863224 1021929999 978053731 516449268 418829888 
39226998 602151880 327158536 675432163 28288062 847770083 695239832 407936346 307266083 
189459752 221867968 378494813 788479853 414602810 491957255 111390292 164869160 775595925 
799759373 50328803 685828451 22319996 892639870 328251040 436325996 84727611 217372441 
384514171 1062781342 733821709 803344059 28266516 262231765 56760771 703698679 290519828 
904530855 325196687 698456174 138055114 514656439 920324142 516549927 229394468 261185128 
1008507183 340784760 426054288 710361284 66802310 476383091 322447912 89122306 295281138 
650698952 525448303 380008749 868071393 909962474 369048267 528151279 639564710 397314783 
790383044 696325481 27271638 7161048 527114512 352468325 705617222 665169627 867124764 
552199541 107977730 22777408 813384669 42743089 363562169 165697134 753104374 430364479 
642080225 1810462 519486785 937361363 652509414 1044935088 243628288 446838984 881155739 
612676555 974990263 446978625 1009991338 691631483 69562282 1037262976 698792532 596676795 
315989477 330667930 188104598 109372417 882867471 296082328 132149826 622510317 338825418 
495711995 788207451 18187968 926076474 356545852 19998430 371821435 220165392 672507844 
343014700 463793680 45605004 150428615 2728412 1020595267 597407240 1012719750 638484927 
666969522 976240903 263535635 189904493 218488556 594203565 378009091 327860974 403329213 
674091420 460010800 1025839530 1012916838 955722795 740305157 1031104806 808057445 23109185 
1051103236 106137056 243274577 649869256 449151756 707068258 695474261 599580371 709796670 
642327704 123245787 648774596 207070807 790215310 551273675 470606442 980119803 769762232 
1064810008 284387071 23881382 394397397 958478491 483892182 346495103 897653505 365873153 
13058436 855016487 100188774 36167621 832377899 206325830 279442199 408505331 655477587 
986510457 30237768 181316134 622565303 672565473 304561922 197598075 879636280 21035408 
748871751 276500899 1001155211 444892159 267569083 211800458 468773541 661966480 96537125 
952665723 1008461583 994190630 244797052 1021520019 775465293 344985826 1057687640 534101368 
551311656 263388015 942606700 133047419 176156648 972844468 314363554 798721951 571668117 
618925476 996320027 377562574 639960884 671449954 654063473 567374271 42600289 921632556 
779174730 511373830 509857212 875711855 390297729 444576971 796160662 635094781 392355166 
497884131 980080607 376300982 1031985500 457650439 639688998 900850376 590697859 815845646 
799953020 905061413 540825774 297879314 450245065 463403977 675441888 16464125 61112107 
255763537 583838396 103712396 103654269 289271302 615086226 613511481 91241334 1005383955 
1058088452 887401996 566736912 376701794 311544303 473075695 753002776 269787979 930726134 
318949950 96896531 447682169 61053773 896849552 279001758 601879547 120987042 729246823 
1065283524 796428930 745710948 52653807 1052192467 255807521 156366203 82104912 545078823 
771452429 695616393 636320157 703094560 679963021 449980329 196089648 1056664815 761524633 
669165343 735925767 1031312612 526149653 1054875718 54467320 973831823 42187667 951316872 
179091757 644067214 1072303914 908338581 635608914 794991020 580307705 688262721 773441663 
836115226 844628924 855546575 307452226 542339529 477421144 943772383 171692265 83642341 
320010889 367781913 66565332 7793698 1036947256 802491099 1039106310 489355085 783624993 
19831806 389445084 825812660 971148678 568536842 396138050 969710768 403133599 1031746964 
690959964 983441304 646267861 390659803 745814707 417154961 172464554 1053266933 959494490 
649885698 923297492 57444931 733528039 169566557 425226844 800093371 177360255 388432276 
528842647 142724742 877787362 238725816 162556548 193490622 1064538477 59963403 762027464 
386934703 1029674171 91419239 344939844 646892312 1118720 991207705 1037552115 746933427 
334620843 136274846 726458536 220373509 786160544 576014204 277818441 445946760 745580762 
703045285 172298307 922941017 17735738 701140954 1065665759 895523100 939866771 154480484 
15271898 930663424 214443887 777299363 243856303 170376234 868718602 588796147 817268546 
869837322 506262029 781078838 543028925 840882872 917353684 195745637 1061256381 629772404 
771759842 265332998 1977340 443598780 968378284 174275648 292797973 986114022 875416602 
284721909 807895298 741541549 439202393 823167196 598463149 653646280 526724735 842319453 
824022514 321701514 357373776 567549237 117797012 863635805 274886251 660825938 630776853 
118498111 856571575 618291411 748270515 554589593 883624409 750247856 998188373 778260869 
924523504 217244523 690633067 726198282 501966432 424786541 393998008 941168825 174211914 
992461157 521073281 700936649 761038786 271353971 1022638163 44670739 838903208 66693352 
908306544 40047635 727519290 465341574 158545746 510349041 9891161 906816262 1064938635 
893515570 583322294 989385184 598034616 434103974 132887883 214925859 86560432 634854315 
639712401 480558440 502281316 813924315 399277774 1023354597 441119140 86574736 220966745 
390015480 131245475 1059869953 456708832 1039552020 26175765 110486298 431151770 184721511 
620835339 441042931 17795949 612032150 260816677 601118243 527675511 858851293 1035222217 
660563394 35329 48040826 221675886 639747730 528599266 723957202 379930221 927877040 
673569976 821049361 1014451777 894536721 137323017 71955428 880664850 594031849 37765624 
906840615 704518147 468917394 17820303 251611663 909960325 35616252 863643813 97035179 
636734496 317577500 955886472 598214889 978140895 955921801 646255715 126074957 521927707 
101113158 850032159 901857928 1028990198 449860311 649165466 969700151 270655208 786488483 
1041655580 77578235 306778509 5679380 984418850 1011296656 474596775 1002239153 189166495 
310815276 1037855406 1052810309 407850455 600848078 296645985 289995104 125321143 201045056 
172175081 771576859 327120013 694102789 872690017 103410349 522218893 827938391 553270660 
97642535 723896719 823925869 884131019 691810475 901504104 117167704 697489855 812181130 
54722536 98344806 740678460 243889032 409160083 704792042 222957517 817010538 231898296 
519603502 33263818 357219439 720648559 205438900 55054474 1047768572 899541689 927744491 
77437097 348018758 681941059 630707758 445661294 332095954 380891803 256050489 1023906429 
208654083 373218193 647654460 1020835213 427940729 745999267 687771849 671829761 81417526 
318822067 894787278 898428064 550720363 340648957 931691883 907939803 1061297516 63388959 
962994277 1035324264 962930648 816996945 39019538 237207582 425196180 669727296 682868876 
757292134 1050619099 938919365 707456739 185531358 238395734 281369375 132624747 666336464 
1027368642 820396597 264424401 35044344 65476840 85469856 933472409 616197204 426118813 
791422468 450395183 413674505 854811427 339647636 375256945 744000251 82902757 414276483 
981207833 508098937 10261955 590334886 191649247 1060881054 455512427 899105986 172670588 
693908162 106733538 305295336 286502802 60360356 51950109 550927203 95404701 117426949 
636397059 1028877110 733624153 1062515872 746557754 110277512 402448553 527627357 449925149 
777705499 197885784 532827906 118240158 105351793 1040926844 128502114 695686679 158834267 
115641344 77457283 1057940254 288311933 771365445 90931968 593607269 1057868247 151292324 
645557378 535053626 246697025 762984327 97708862 201832311 422866657 86482910 948390065 
533144169 488931464 402275598 983069318 192895139 600161382 442155401 311135297 705513176 
409340421 439637411 327458031 568174688 555278756 404915314 552373118 843590689 102538935 
643305086 363456134 86665358 794597411 1009013512 621718985 1041294436 698256015 719427847 
169384924 47380848 805910757 44033165 580525018 221100397 446308764 489852512 413995536 
1046470146 932007913 725130834 678241498 267606510 91026421 1005699530 835781199 646305177 
336873020 314412493 416154042 439411956 957717580 779610176 526077314 678573167 714881864 
74054475 646125779 339396056 793482322 815510703 386776904 525651256 859543869 967301922 
746751653 232110809 383412611 87005366 204839131 241678700 812136200 883080630 509285211 
903162621 815038336 271324586 475725975 78169532 585737079 891880017 517581488 469712835 
597748370 1043658803 74544178 238888410 43971454 720669958 578284466 837453777 462438837 
965061371 289363209 248240882 858621469 1036114862 480351691 168292256 49378404 685190823 
409970957 861514604 494529629 919256168 690935402 235826141 116838930 92919553 313995673 
702576009 984799570 831577162 98547021 508806116 801494141 173091199 747694527 845465595 
893761157 252237169 609177548 282458171 143556716 898540757 530699053 1002178186 860913796 
1011050745 96728618 910292200 622499744 506699575 698064981 43287549 352213919 315258559 
279113690 469052849 408178112 593109363 97887035 319235858 350944701 196434056 828041975 
78697018 369525255 501994678 924162614 189544589 754231847 459598338 472002760 897788564 
284397272 1002701813 826224926 71569244 940010734 922953544 981861444 488768654 355911296 
606184601 532056203 708125215 921443160 811169893 103436241 255879448 330537433 201323276 
575115307 681482134 397757332 329415458 760179153 767282587 831410136 610599943 956827176 
511900159 1070198281 355088112 335946899 280853729 284048102 88430001 352422973 150317012 
1011383546 260542594 639085667 293553018 866727195 97400046 1001678233 714428532 908569940 
31372650 970307980 165365549 232695926 471681463 846847683 630453258 801096921 533285012 
323994022 558765233 70143131 207079374 1070665393 66599589 562167487 332870468 347453318 
846215589 421300470 699876292 996532601 358942192 960418886 561876444 652495210 753404257 
659276491 580431619 394090965 494104607 611804270 290657122 659470156 844500196 762338585 
432576015 401211631 489693683 965861028 725205653 1048458916 1036004159 932285027 1045382485 
28861924 420710690 304511130 376315243 193184455 725811600 2449711 115975233 11011968 
962868597 677851677 663507178 642531030 263386344 170196973 1036621996 757490951 782001243 
253537294 343219283 552759616 1015875879 775795299 953971247 431827738 667914503 605435076 
406544831 630176838 463978279 378185492 659038763 884688970 682696622 1035354006 4131601 
334766398 1037803717 120106834 345778366 926930490 797958512 1009285544 495719696 1061344856 
105740694 458599868 745093984 887741937 712137162 14571443 366759729 654271218 790366742 
246989152 12357132 384539421 852424228 418901963 1014716260 242660684 797087456 600013199 
53607830 406042254 561625381 57739431 740808653 525687274 177846266 12845195 378875940 
975804778 1022130740 874595636 963407810 54129610 259453681 634759970 941871547 971590843 
649331414 234889453 552120237 365956332 481878605 564477370 750495754 260561010 983379333 
691470190 503221694 706724965 217741565 556829524 39025396 779366946 614568955 779834049 
231312396 792415221 792679244 610188336 694478175 741068160 411042148 584144162 795197770 
670495829 145162308 663327494 568344849 794493722 898216947 46723262 86708231 306353728 
611200632 837203985 566914738 520838142 454932351 1070136432 153821283 672673916 553224132 
192846679 378299038 94051264 972680728 609611434 886466485 691618149 146057946 507202837 
358944485 557100094 17605175 80400432 153854100 162767483 743727926 722198949 957261206 
568203049 768922211 1043969437 874556777 306381020 807431598 367729692 827219162 188622125 
364124300 981040445 861296041 917348433 100145301 165853255 1011399697 1072826029 775464689 
824124358 690702354 921522635 257585371 1049646840 404880905 275190546 56305448 558735005 
437958030 800033374 207192130 321477412 294494599 976114342 291705025 95309552 208753538 
25394799 463039244 1035972700 214016924 827163545 943271321 1571141 670770154 1043416622 
167424396 608428027 1042500828 942889085 358810561 659461358 790669896 616395933 635366374 
121808977 891586479 691671822 680543983 255802685 417963372 887736113 577280097 712457971 
790108631 868985122 807767524 998862169 894379921 197064944 961093045 34655021 1024228489 
830622543 36226162 621256819 800297341 203650558 155943022 769056345 72797819 514753584 
354775880 863467715 57407693 990142254 985276693 948994172 608072253 592078852 131055034 
1026035625 406073141 708335131 664751773 122439949 503578430 398777473 47560294 324216527 
595842417 1008653340 358871549 546329083 765534059 395097711 93844078 492089576 598748270 
249787101 187404098 671546089 764540685 542179978 461271981 821948378 458580408 372806850 
697200726 1066652661 964885702 828255760 1018946463 297217019 462849068 609956412 419656968 
966427498 1008733885 467217263 216902201 530834478 402128779 575773750 3421737 93921014 
970871462 97265816 586010590 495877908 347052917 773414688 93682173 37851778 241852842 
554954154 859800156 700433251 927761004 483259058 693344088 818904882 237772995 638548727 
42380078 700622063 174763315 462037046 593307737 109755376 929254309 810209938 640589855 
257641264 312241865 644011592 351562278 209371503 741277408 937572869 705249411 14588501 
637245733 798931584 52440279 879098576 280143915 912240435 505790003 134163095 321757670 
125392267 953067978 559530665 763940995 995448056 186410904 938704310 383743278 779718641 
1048459687 239255764 516186755 615307718 496897028 828428620 185577486 848459307 1037800123 
926854895 712290352 669307710 941443396 275794261 394497471 993883676 81151013 674641386 
832382287 586941016 808804481 80398133 712333284 688130635 639928798 402532455 609836867 
826339702 267494941 993580146 532316519 242212804 159094086 1048503275 857520522 655991114 
803190071 1043098009 430708597 767248371 896211080 69257125 362814257 763912652 345051387 
757311728 684054504 426202400 358211290 442694968 1013143417 93273948 523093101 651734877 
781404583 89280076 1054267332 317499627 915619778 248020449 237337949 374194474 490233254 
396432035 348955925 274011952 1052423149 78404172 243368137 409389923 845652543 65837393 
478647048 134724977 829750046 823698435 892036705 440062726 176159012 176506172 882757694 
115560605 269780120 332108972 767295482 1051184703 421389048 747820990 294942506 263267002 
995841439 532280455 637461476 412332869 928712490 986417401 686344822 907393816 1064821574 
929712959 243041915 836732293 995550353 721688963 971457270 751558575 471645575 789752152 
117879477 647804587 966258324 1000637172 763365192 162296620 259004320 456918850 139739499 
680393368 130998016 434682006 943660370 53097631 966962461 507380023 465430501 821933128 
420055600 78033499 655585120 411135350 1007746458 898627035 174125820 929554987 546574174 
71841266 607371738 1018219749 861593418 725251216 592282512 754109918 652146564 281905880 
916406538 911150884 738824730 1056146038 517802428 869822746 417086220 387720974 922920378 
310306857 895100997 314609055 58498161 241414774 392642554 714083281 652550124 326647188 
538968492 826675944 182460352 11800843 898517211 789832090 1030020592 686368805 441341482 
548561281 366736900 19746222 830467161 209401614 930897106 495550068 191805828 374957710 
291630990 608892048 762678685 140809544 919198906 584037858 455418599 977697067 825452632 
848061153 618038525 404260933 100966518 83265193 157195053 283426870 95066036 1055712264 
1073258960 51344805 668339246 440858619 599906086 1035076146 460604841 356631423 170735936 
317760124 852181491 362541765 692717834 70070658 971433813 381654695 210880202 816890895 
965692554 666298802 720846139 717403362 440618131 265142840 47922471 541584649 348408033 
205117525 825011519 443474070 187087965 824528656 494818875 855427211 191645451 20983137 
816761533 652250292 377614560 987497470 970010416 156054228 276297411 588986427 226124886 
173989400 970641122 437005088 990880296 862591852 29562066 637984611 506253391 470180198 
903127451 554175862 1011764847 177793660 759293387 763034543 621267730 946381353 513821375 
42344781 728066740 705466826 63327918 471086450 283975294 440942479 384842096 180243887 
596996707 661139507 769230314 823121593 835128907 666129612 186384857 752267379 454979641 
215946924 316510166 961233032 686127122 145895793 441667070 624150145 323689454 127218634 
313442864 944957184 1073599987 827264239 987301966 727924903 458989241 1050629884 125269529 
742964536 417830539 510111625 923208423 1014827246 97509308 618696913 764207015 932638216 
211084701 950591873 611163771 666064342 92796973 927673938 553555550 778924095 1073569731 
995222621 329332416 323517361 48699431 642775281 194732722 48557594 396297696 108292864 
776482497 855286938 85180924 901752027 524509650 503011464 338121828 373976249 444096886 
435631137 992673162 134562078 294527529 130016039 11412127 905691300 796080382 104209100 
759623414 275894108 883133195 759451322 197374905 138723787 9226859 246074336 781499068 
203959581 294631930 104054941 312252445 1071114428 959341879 397433370 899124631 410109705 
900444834 163504635 784085954 270799896 599135772 703017292 405361974 893663301 833033331 
416774101 725612778 555371889 520983201 411494368 831265998 330374572 97203866 1028640903 
469098360 106430726 200973416 176855604 310390307 495605346 280910545 622642753 492977950 
166510600 1020076123 318360757 576620305 846779133 481865393 286964435 43837205 7259341 
989981727 449199180 900922643 749273235 865973281 552793597 230903300 313214659 964287965 
1062169298 643589231 1061491832 1017068378 38945767 94180734 144299970 215801372 404571041 
639905316 496711917 1027213794 59141443 663222518 973548093 377502200 166100999 746585402 
859367593 453065435 790422608 866626935 369305338 165879964 693807754 44836749 1031853245 
172859527 275740050 271326080 63405668 264167524 914915312 51155676 207494078 953861079 
145336410 351794048 95920627 549907452 991699365 592632545 503379422 1050840808 182113239 
403185692 354601184 348214238 76029270 140226954 801279673 866451878 1006853889 96843188 
1032331842 626919819 141679937 990443264 799779346 417419987 188027520 863185014 681587512 
29201008 914340691 889081590 983062088 1059677101 167133815 5240891 535842729 85091356 
597873436 1039222152 62190340 779986675 368666020 416791524 54459090 444695290 557018478 
855738763 237405345 490130543 952581951 195995363 43308538 20520065 112696803 843087884 
437940052 300724324 632531075 45785740 329925332 473129942 934867331 239245596 459065219 
28259322 244486488 994907949 113350678 842359924 960388277 175541018 548604776 255312473 
592332542 603063866 700007763 75609197 385060805 937413108 565739740 263900933 59666648 
609048279 284420998 172363451 378394339 722361050 473087775 1010925414 768146791 803013108 
410313532 629272298 1042258704 869378752 657531620 213003368 790544877 770882298 1055363293 
677191330 946423316 530226245 932503803 465014034 59548287 558769742 540623231 444609092 
422441027 32621148 708510025 482107675 641669427 992931023 654471126 1020063766 641550250 
53817078 957247357 335955217 856830186 293819065 965227515 825347066 89455993 549017311 
1038350435 880000870 246157785 1019971904 483450376 118839277 476456325 342212355 583853311 
536004612 900982098 50734719 980613704 249681301 83355867 615381906 731788976 725025294 
534571105 312518278 671347236 102379531 366335356 554852769 438334748 149423718 848671835 
329820439 974770785 938127828 878837750 939379396 744386875 51253711 885609476 154095427 
170092988 288323977 496307783 753946300 824328589 323548057 804681019 731200469 573229358 
888036886 272840551 231276510 539320356 807411657 543794788 136925768 909791188 910130145 
691778538 274384113 1059553863 466708549 604204552 960582824 331094553 409300479 826220396 
1739604 460554190 638088048 155835032 630647179 926412025 652142815 310851655 676998790 
975690872 41790850 334457436 475178406 929827736 607297987 706454916 395406268 340967820 
176507880 532332036 177017185 12896201 150368750 451401298 1072450065 617077299 1055605850 
959291065 948171853 391164505 711769638 949911457 851718696 276115862 32004665 408624051 
128786064 684147480 719475706 805784854 586096528 761266556 66500466 1061274934 617352468 
673798454 693988026 1012758736 1014766274 870495907 471348948 118041635 883392108 621717699 
569442933 882100349 165053174 551306960 767649591 39483203 942471465 405677405 989394661 
720448337 681793267 1021399326 55330564 810579331 631804983 774806270 542622362 144159687 
462331002 609122828 131692798 5941646 209179458 825680824 1018700382 150203909 622434907 
416307507 268245544 432085192 1038025206 837688478 240443717 129336556 315253614 1008093308 
168819760 183983255 340028889 84472597 904431593 1021822157 32130099 959762157 758659664 
663935082 660826604 227540202 808094770 49415782 836663031 939787568 55357429 1045842489 
691726568 315987 122304574 240419652 416623494 390550119 672504844 380906876 154496773 
912948561 510243433 469750387 847300046 679063193 653733642 113587111 763535790 484423411 
61667444 795665889 370443745 820327109 385859148 1031270349 1047867311 120212094 6944307 
810788518 1059999662 62301736 782889184 677984406 62617724 905193758 918404058 479241218 
222002053 517167078 860148095 376498826 356373816 296649704 846249213 129932038 975712897 
426241032 243519149 665506863 910664443 305186594 387430928 207366364 51771879 773290076 
164894889 25897366 893502170 171839197 836685885 879760008 234140933 545833245 484002591 
296758657 377285179 328664825 775999876 599287233 845831904 562406147 975786059 128463896 
859055851 748293449 258395934 761026924 100792657 501915083 352791963 1011457100 807101677 
740222891 145081641 858873556 439771144 309976530 884770923 259531490 481815727 647714984 
65549675 715956661 119806405 549552266 1012715318 497091584 878217091 714973370 22636993 
650307171 203637693 998423053 778771067 1062693544 672974678 1037167001 749978644 773767335 
465340261 29028783 711482611 198700114 769251675 856564252 1057573671 135280995 92798959 
868602770 394812485 574614686 442575930 460362160 216829523 562382335 1009914426 155803018 
1059473919 814389694 870776388 8369089 390955041 672258 1006792142 95984285 1063365802 
606024996 59409462 739602623 306050507 524749723 768631406 1017533118 723449838 464141257 
800355547 707281685 599422252 893154506 502142631 994234738 394027368 944718561 380855074 
610856892 433359072 317027677 766659910 419091167 57675547 563694474 427460256 448630588 
564366732 360510574 544614873 553990711 966535570 604024336 219851510 198844253 55032235 
988482916 142635548 778482073 378882350 942991095 412021934 978304602 762403777 914164565 
898797516 82689321 785141302 205910767 693546213 144758550 522938444 386464299 563849718 
580613991 950158774 991309974 1029244579 440783682 278078725 500117629 994774393 170872471 
30400141 140884079 369716725 85432376 55625172 512352273 863914450 434507522 381601544 
202194560 339070300 70263497 42617302 164125993 152952818 827758604 370036760 846499032 
972517155 892975204 159221507 462625049 399847371 35638457 380193199 355350126 476422140 
658271924 855467755 397454709 829144396 885867896 538338789 125119297 971300273 593963961 
637471570 761472899 1028471483 1019073114 963667459 293799959 15594787 1006284761 457925952 
168547605 760301542 827962712 1015046637 659076873 647196092 100526321 47960098 1047043463 
136164778 428153297 328651766 612586918 12683398 110377697 1010041628 841827794 996245594 
474638593 966947091 893804043 1068602554 530676837 581535118 1023332213 476008127 471460753 
243390348 491602914 404003691 701316301 660150519 90563409 455537189 601455333 749640282 
28991458 701981654 797600380 2293097 838146432 152011853 330944863 376991527 164695251 
441322561 313291331 1006523045 363826331 787929924 899728312 183888550 782790654 356663325 
765423668 732381043 832671452 163142597 975771391 250532542 567146288 603345868 910683062 
657709697 1058883058 438396571 333608155 14132692 66636401 57466711 16425789 904782833 
209478565 347370653 208032536 374173816 788693214 521323867 306955038 78777721 235511967 
132941526 262666271 1018302621 489604852 1028089939 676941840 248534480 117490712 578971408 
499067023 684637001 108575452 336008261 268604874 93716686 774404832 602213030 107849378 
841041233 659679741 124275168 672082242 869158306 471645821 880114779 169590299 186597211 
327696822 476545337 265374932 563208790 609486863 528041203 507769587 25349891 482389318 
110969604 273884372 599880030 689941012 772951395 210775207 798516464 35217832 479380082 
892233151 809622664 7851288 1000082529 576922073 667531029 50615873 175262491 462947512 
522261694 1055377270 632537811 708858905 309332269 35341324 974233837 872541059 644828187 
428533216 306568822 670178079 910922534 417538426 944062451 437060741 33737614 643272022 
647835948 832254079 678489854 53474206 650745406 414370694 61325494 577086111 991292767 
728856524 627701985 92813434 118062212 76221855 74448881 750600023 785080761 383781150 
785941347 685572774 182580385 357027710 40364167 489149207 1027205789 951286701 906687634 
897526416 314605618 940425248 467056614 962441567 698937503 71804644 1015915773 275941085 
486175338 3499444 853027197 403726281 732355968 406987358 496539716 850418180 483209213 
570988597 527276379 194548150 954769747 239475902 880120925 63608308 596503612 920485092 
552757515 549967578 798029969 385703325 373752170 38893764 252386750 840808785 1001335331 
951324253 912613429 943509280 153523515 325046944 947008724 1006550712 728773225 605622868 
339796246 151571117 382299224 823005459 722559714 909575603 1017553610 603587637 75309681 
823932711 667195945 671813294 670675979 146211637 148039048 394964124 531914962 521791218 
433857888 784301712 288858179 361451395 661884142 127729785 231218852 815407657 452776729 
104485752 748216545 107808130 710108621 14270967 259379248 18666021 837276426 981938962 
928241625 781088212 511784776 1003551306 531279099 105238897 601622776 128213254 251450534 
749661824 523177379 783365497 197711219 957035267 493925385 486569398 244744839 82067703 
614299183 475963691 897475360 1067075912 580449443 571950081 101142219 216816240 586221048 
360521467 235482262 349755651 268718605 89982063 57102039 780503381 19791545 588381139 
885742279 621414322 716594393 63450989 297334322 166029948 846816486 495045541 49323392 
267000048 981614940 294068231 349067751 522172299 770031922 172801288 515506388 276739541 
744751369 616648607 493555782 257230594 977170074 729038044 606986245 172146855 819020107 
664088284 952650237 838811652 178727599 764650692 386484150 895321993 828101681 683818473 
1061351941 601176344 105122190 36933509 868176392 12995306 331001740 143502319 535167606 
27291838 316303607 1050673994 304031380 1061054977 593580777 797587162 244543747 497009027 
452883382 851529992 669155882 198161665 441876452 548064295 1036973317 620604052 238973163 
349715644 442184221 1067074845 1033534117 429794338 594509365 64914483 466727848 388943933 
77909790 797729588 532446252 613077396 825021427 848749860 590009566 55310983 836063013 
109848519 852898145 6864936 606857546 232039703 858394928 202271604 430201368 226529556 
750335900 393432861 847133608 989309063 743148505 215576005 982642084 702940798 645370344 
503409625 767855282 38356368 892353558 845765072 836085956 351057987 385100644 587365559 
126066023 975110210 642676542 962129036 11216905 421832863 968993972 618074451 653872566 
753647076 820346055 10332110 980176632 496940131 403764972 753568417 412507371 73171653 
969144422 321407631 776112452 540772942 824817257 470225910 579129310 643428991 242249158 
341473443 994486978 627349802 928839002 46811177 528718188 497773721 1008940213 539935093 
919606584 904192361 84267720 499737327 584097613 904613775 510069437 490532422 327812083 
913834409 170359015 740319454 987006063 65761613 1061727085 689376691 606534556 812802518 
85860777 111922042 382489686 328109935 453395485 303234840 955459737 308492664 350046018 
410436101 806266385 285244407 950371194 652131145 115694945 1034638914 78126648 699792558 
865510865 588196086 116583156 119581124 428288671 286942171 859900578 341552910 352703785 
847885840 1030929601 959238341 586946534 43048554 1071160383 969436220 371158489 450814045 
198929237 252876402 759306709 548975255 663312503 491831270 834219662 539941873 70220591 
949914607 500838963 148347240 575965342 292608005 736543326 692548498 412189129 91090173 
979490670 198347884 432643084 258452631 1046233724 389830861 143949148 559438434 432879416 
141367707 455132831 804037905 592181752 654062068 1056914308 277746637 129295499 646484987 
769577907 963515161 112685037 839798499 839687945 613524000 988145739 341911463 906132005 
650947241 1034459961 244579311 742037414 940208807 442927195 100938674 124919614 415419095 
490769536 268868762 974857529 923648952 410236470 356248536 653945033 1002418222 1010310604 
637117517 206423036 65864279 209860681 976000943 1029379441 322545718 742057618 795325562 
936069718 656461533 63495201 768459900 233666950 24213338 1013039211 975704365 964422146 
382224582 2901215 15599936 797643677 493670751 284468699 698759382 343577879 694705169 
1055007919 997522913 623381567 991576699 560898606 829804603 1057440979 770759287 732063723 
1013078596 19563181 400379517 734662334 955632900 1056841051 798157535 650350976 216766177 
822370873 589648363 118728718 713051195 971872945 121629934 728651132 695774798 615300685 
1013119831 320792356 958878565 634083176 302058451 882659654 183722919 219893327 369816436 
1013527523 203592482 66833900 671849422 142929254 86397081 1072228939 877591588 1042029981 
1055328166 602007299 618639133 198352520 350636348 134545672 317081238 1063687544 32676793 
438711172 718596852 728451591 1054011858 657974859 1049243948 939148599 218316211 277560575 
748066429 402039130 497453902 44141041 341824829 701046384 110974941 1013674251 843975638 
197372023 1012161367 647825402 165660180 993747709 176090877 784299314 118358405 526727226 
918844986 435439644 516672946 951521780 874150816 161527974 606231547 854420850 819502833 
581733671 719827625 1037819044 859294247 394152230 366116350 283006325 438293272 707941180 
984052710 549268213 647873607 754286524 746640236 586293150 328370103 912300417 506299036 
504460980 622857907 624657441 1031188206 467961069 1060097085 474119328 345741025 860506078 
635647302 951972573 641185104 381408311 459964420 287270906 345485531 245516843 681423136 
711601882 528523169 45974584 345801238 438834055 595242798 993674845 119378755 268141210 
506226172 447748858 106699803 1012525208 952209839 729557710 563440825 909656221 123776956 
549796087 310033726 469517981 336560341 945681028 347748730 977745445 253347516 807713151 
191274527 598833047 1053229994 872697664 236693105 508011339 918672248 582494343 946845394 
440173222 502427365 1066224150 708314433 1008653537 440231184 815014236 947436921 318699199 
470830123 437135922 154613597 594607079 986932009 464647323 1064125060 249750526 336586527 
338131967 153754148 589934043 72103294 345028675 115025267 51591464 143984515 351718372 
559602804 1062656764 934212716 432706374 429088162 362898257 425188700 63660771 297809970 
865419885 878675008 171505067 110377260 275763307 608640989 264990857 870370386 521831175 
729638180 860753622 771581701 1066224708 125143765 925335849 582416927 197247059 196622701 
697442194 248838524 340607216 1049160567 808441328 329522156 909631459 167405878 758610319 
198787892 592594579 822271090 496597862 384272640 627204274 668102929 494649900 902967581 
203002094 759640758 699596143 724833269 415537114 486607942 422673147 408019998 611751707 
274267172 990436926 808998767 470889873 614137296 1057837291 811497090 589556039 792536795 
67277422 425445674 959942673 825887741 624233566 478795428 574417008 47089604 863068068 
127879458 715192533 283976145 1030847040 918194628 1043616903 656701359 569286073 385412193 
69567477 991959220 793432192 681319185 192484569 710127294 416576128 663374442 250522766 
400671595 401129708 840078806 119466566 468407131 191782656 5667415 220553048 816016223 
484462844 794970056 863105827 273789088 922849515 504556537 557765233 879954731 349009341 
527640312 462914266 918295414 913052506 532481744 836512811 632742874 140059105 1028997380 
269128344 556635233 618629998 519651110 957306828 1019759707 285988092 3031570 414425014 
477770749 8698985 634978062 220045148 493161829 356206295 9409151 766950918 205313986 
513965688 250974327 11526893 862975029 778614640 474441159 707528620 617925322 1006922903 
470299607 176926372 73240184 425555163 446054716 629875417 1044185161 965705826 513440421 
990203044 177952095 516471991 330886234 655722844 525170977 965864297 875767992 1018332806 
248328768 885177143 711541900 453642754 325401008 962516228 465169647 114634213 667389044 
939610806 822162833 211572542 872791886 218720616 388498914 946032070 644275779 834553630 
502165664 614719117 726517632 1015606085 531180337 904469727 458336253 862066572 486450747 
983507230 754189045 288476915 928098212 1002517813 99912235 565898289 382418743 425313243 
454672693 847588390 539947456 48319913 713457372 288368466 259892455 512507434 507089082 
648391369 384797681 77623038 409203175 886963345 692342155 61978983 828827606 149780668 
966448711 213422035 1011847240 379157634 123187441 692294461 667634550 1051285654 621070450 
767546785 543442119 1003489193 119118204 998114812 777335759 659065660 1046434725 417051308 
947434126 232585356 929558742 380781385 880976725 240614599 458404423 216438076 53836120 
77004754 278417059 882663727 226785422 171123946 22343938 164890839 550281581 145531380 
857185300 144174307 123075210 404513927 911721092 666517329 334261296 1030839296 590890317 
37855232 616163132 563583218 454906540 489855435 796168574 310723458 870636820 603403475 
551338058 255299419 819841551 605174178 332304173 24516786 414096081 559089595 195640733 
436440020 723980434 745922314 581971400 507423911 890096621 705046610 911937838 728075889 
297822115 172457310 685173361 888712432 210312542 227594669 378553826 665219082 717450104 
100980576 975942541 514345100 704384051 453538775 769644519 450483778 1058712953 28206868 
475000564 399067211 587296464 670641297 835507231 237535074 342821787 343736807 744958985 
159176584 1048783417 583154999 887252473 272863708 755612310 498684010 87834316 965924852 
726278680 466388142 557402111 369986960 567368718 459602828 884332061 198010945 913141603 
580234756 648494723 898112732 608441625 49753463 223438119 121996265 720394761 1058945350 
359531339 1063216548 328940333 30748501 148651309 303981926 613903500 1035903782 576845634 
295773986 460845969 664679950 187957015 113382825 57326268 745359126 483369785 624694986 
131220130 293960022 822705931 1044361733 874194779 397458830 868732641 408894580 447212294 
18428937 530890845 93865231 3632463 890422184 83339955 332572797 921170685 231991264 
636554723 461332362 194153223 139658534 757106348 654999192 804338484 945063363 768382017 
861664753 616680665 178009978 412617915 747900795 471970001 161582023 718520704 272422956 
559040853 513511522 681317536 1006253147 531940459 138466557 26376554 535572922 1028888741 
109716510 868145719 876317603 341707774 430958619 263908141 535860997 570617153 1021014489 
117118365 301213813 892336029 885500382 89136742 435274870 1063510361 501754658 109433842 
461738538 663336681 827954546 734161494 148635710 267724244 341737206 81147034 799664703 
480203763 107523588 261495802 435350680 217240098 55899697 237926459 558947873 486858316 
501834600 21067046 1057475469 449107266 138185412 284947459 267701471 1023685794 374084201 
702976341 1013454331 875838859 812410183 401451045 465433716 566622906 61870715 614069427 
834347150 403607921 695216461 560270030 883811684 802740049 821765832 245420541 1019980148 
877665529 483347000 505186197 290782022 985181601 526253243 274515667 360547043 664438655 
559463126 628248514 614382626 933547328 257483031 554095133 735644363 1069893215 955546179 
127336256 562774297 1017416894 741405683 323379623 347282992 362880320 883649653 157352852 
91878545 631673661 402773393 38116869 435597367 886120394 543303066 726379389 797560171 
1069556310 1000895056 84365390 660253141 486616359 712613904 200893943 346421863 970096935 
754989077 8324402 966248326 636793432 135660658 455280799 580468502 877066341 778660423 
927751494 166204837 588568252 11362523 258083383 146500090 414135916 296200252 582097457 
226514486 839503319 234735022 1024074657 835317805 161888254 34698223 421829122 648504613 
747312127 622723066 994926476 643667239 303970319 1003250879 536173741 940763751 65169713 
991454541 447490429 942236055 696373140 301500100 34699068 211199568 312862623 292782451 
357699658 726998539 588982704 939797115 953513026 354744199 100790313 903845859 116320180 
262678568 938544083 538149302 911183181 612114386 87130544 832367834 182039801 391100863 
761876889 718213543 258122790 827046602 635926260 705613220 695540833 258557576 1007113320 
730239902 469757144 246234119 1023022353 827456803 973232658 538263233 693512094 853003860 
893007432 794302408 683107896 1009327612 1056980976 547910155 473735091 894422333 86282717 
560865635 653048343 268322519 951966499 341183408 986536062 136347465 94488187 548720498 
841960685 790029020 807278074 775332181 446527098 203293394 1021566300 395807628 1030750197 
921057135 934070861 650520468 700319171 753336470 371081052 309685243 688922258 354320204 
857595398 88915525 175000713 943878116 649781161 828049057 138458811 528005836 95490641 
51253049 664353301 189978828 599973547 432572163 980007849 333509797 134162520 352793123 
536803191 81986997 748600751 493811565 1003044132 608929789 70590209 629621479 288524435 
441671261 939306723 977446693 795991465 723160297 1066362219 970992178 593296589 642401556 
725299411 731755400 96665568 820790053 783008449 761018869 1010768881 309240172 119849208 
917034906 642749969 254011729 196086206 105811337 335998726 944686957 599622902 265301034 
479874922 670213111 894922513 768399357 38142548 760487412 672104227 834134013 409905886 
664724622 731384367 1003202475 233384354 382941955 661216052 330049922 129990184 370482677 
17326967 67017241 679722850 137176176 984052148 248730995 391187905 106396530 354542332 
727186631 1051083487 954165234 992487665 457216586 550636521 813668354 151874119 588779069 
500413943 823978346 349171258 910319829 414961144 6813802 839780480 648345498 389755757 
427254708 978395420 519745941 797737386 995722388 586763182 403718412 59156740 497073506 
652449407 450344645 603470036 1006991740 103789452 580811700 887415150 22535293 1038028286 
364309848 836203647 116160581 953088917 262875766 940138928 228518352 99453771 281358248 
235332154 939234252 929703747 625087911 292747136 834357343 71092028 16742698 756337907 
657855210 420461110 815494647 81186893 1072910518 192097468 684656929 1006160434 295886920 
191726805 819833760 318422213 156013267 110401784 80884037 272173849 1063490702 343759803 
138570953 218267230 443213575 419929201 453599384 308706003 275891124 4945471 601453139 
36506644 76037499 618195838 792844551 733892709 1038656948 534597375 815079602 1037825642 
726694843 425994708 970244252 1022581764 617721513 716336189 267262153 773734781 826737973 
348146190 1045908630 816486851 691905994 110737759 1034754081 61377745 530666960 414611641 
370083748 806558085 419557112 971536887 843064729 495594611 515990901 562167456 155745497 
480906026 23023007 970825099 444989844 749717851 323077983 341492273 698557791 940799497 
1057828462 965819944 640792454 810824611 240224311 612959260 553569639 932130305 723697019 
514581896 993508050 180622155 929193538 289849974 987180240 275008826 187645037 756503145 
770603438 703635939 244928778 926348935 110800141 267951785 823432210 555789985 1017669636 
72768370 897282258 642485603 1013567867 881368896 534563724 580618497 618451684 774788035 
119835933 98279499 633176516 843532952 612861395 552942742 1024155107 468313109 842792716 
937593524 743321936 1030437753 620354845 440183550 660331868 865283623 292790661 771132009 
59493585 42481047 253180171 3421397 115249417 76720605 645907001 55075460 958089502 
106728901 635693957 502799362 881516936 755529890 601078861 440951628 525321018 140198432 
993894370 475734302 608511542 762945262 339586002 278091654 719641191 959940847 718275204 
306231236 751482647 1011065865 3621421 810976232 1053546912 256801592 814397629 95054506 
333522198 386562806 150129966 217869876 493291707 785823924 720669238 301066819 467611990 
248006275 742018447 992933009 388204707 662170993 394925487 996716249 351374431 734511489 
201066079 1071015623 620710512 919341283 303505035 298451335 856665324 307126456 35685743 
836470413 563928049 850083373 931524919 897450247 162904355 7913061 41578299 656196063 
793736985 762247537 957262882 187607152 1010253812 625539506 106798337 324716695 213968675 
501723824 247691121 565343107 162493489 448757200 562616906 783204001 294356660 866121941 
7913513 77280160 99506573 43599256 913750573 663434622 893682629 771533668 487143045 
1056586985 779446730 528721344 639041224 499441891 217227057 522562282 687049043 153739045 
74359964 793847380 478455741 288328640 221829380 726146862 853671747 384322869 101162238 
342546829 93785047 395518898 134926946 101698560 472799059 234433519 145297816 312807808 
897868142 1038980446 10599653 311269363 1021825607 790046383 839990708 587125007 215746450 
1057217765 35945465 902795494 137214987 110305430 622901050 615670728 398634070 844730431 
268075766 178563993 155311476 369238004 521110822 249096523 764756903 656037768 350795083 
163814138 890471287 496092900 476621946 714597605 461331522 487221599 1025866969 409415305 
203526158 792115853 996540312 419272609 775591794 1032485777 248326279 912806781 69049383 
871227329 454735685 467683453 642215936 722811451 646247446 797527413 18307632 93616444 
1046623936 783064535 749654212 323677196 946878673 566383676 819770096 349758795 207239457 
207359794 836980395 159364602 616775099 1040506553 951480455 539573587 386037338 653330426 
498317540 634363617 492395383 567366924 431849123 947131069 1035050377 323235 596200696 
607556000 797850648 614508328 701172444 770732761 323831039 377084833 20668133 196967888 
943468509 840438229 546726684 76966142 1047798023 309965255 236330745 590831298 276729984 
114069376 56663061 662767323 767399802 554980601 223389116 186053362 48605701 655238239 
59442607 9914255 655561475 655643303 617470255 379670299 196409808 244900875 76661236 
520240847 621985708 97329369 717208736 491712393 937767598 190193596 568678536 911823797 
500158851 805009281 428913271 776888835 919078657 485576332 365914334 612736636 1040556934 
589303451 798789998 15420811 170799866 858232605 25335066 826361341 440134084 642805321 
132289817 636543892 887706197 208951053 83042916 435950081 306280423 800251652 927662475 
170306197 990445248 422599187 8388171 416862275 153866644 437301442 120009286 1072945301 
922877775 485923621 611940113 889692885 1485248 336988287 905113696 172285114 121479068 
930448763 998646456 561613153 499512260 57194449 124415221 313476633 266145502 207458137 
749426715 572425925 1007709789 603347366 742732123 924413213 1025946553 751120294 267533664 
106071373 114679912 387542951 105274850 1037557687 873466572 717214964 853508748 874951820 
1054203251 684880621 1047236934 101940496 541587560 972141566 663553649 1041099820 1029336015 
787968870 280834630 221739694 995427008 1030261345 794165619 929394973 559866887 463155918 
780066363 512071616 140534388 1047600027 618142989 255214301 361401154 723417839 219030164 
161125902 366890979 1072538913 1036077722 347352407 683677710 1009572833 449292903 151523446 
907972575 39104728 118881442 863566767 827073598 399716072 11564637 748758782 356235593 
805730256 604411932 916102480 195144351 310736471 354432272 335678739 284594674 972575261 
590893040 645995829 622251277 809923205 807121731 989142256 808720294 769457630 262752839 
418656180 705288639 712045742 570179626 539519390 751150470 689061068 329344333 504482245 
15035317 340908970 179499203 371270910 72897403 783911135 213631567 268041754 20905782 
568063839 603720493 305500457 466897277 120871710 951496286 15406730 930794915 684876193 
1004548986 665773385 380591999 193560002 10687741 12138814 905605744 580867367 551658205 
583014391 196186611 881002538 13754812 211221928 148169685 193254015 582492839 221067088 
977165151 796124406 489108842 998070933 290446421 19087511 229829566 757343698 139959221 
107584028 772750428 1070754136 792460222 703557591 662785697 99310397 897117593 673473438 
111449212 728981513 180598981 663107417 238254080 376785593 470368131 252008892 588007521 
618537816 445262908 96758536 839604904 348686235 892882942 254971922 273015344 109587540 
274059434 502844911 866931238 414018655 610428939 565939843 411030968 329147337 195755610 
74841 428457735 19131379 673548280 539906947 748112892 854147261 129272540 986366973 
157191030 599640671 164634041 745198552 144436664 609896949 841957088 984041568 958583184 
661098207 165271667 157856705 770685747 439331101 660701616 563875161 853349756 197388731 
56073180 190638900 526536069 251828790 190713742 954993804 270960169 864262022 421158927 
1019073062 644667459 550431467 931698211 801858490 76330314 22590428 473315218 220766978 
632487378 241530482 131066723 517328738 902628689 296338390 675185443 599572612 735669491 
262145235 89705950 515277423 459533967 145779130 705916324 986070036 397607921 896630066 
867322016 668568090 687150264 214739119 613899328 258075899 765170586 471855715 1059934389 
841500900 494446144 459507783 1062267879 53191698 701038266 119592778 570520436 529925131 
415931168 171964056 55755920 77858835 434109291 145461870 593136258 893643258 291241000 
225310758 805971470 688848921 48199000 599551662 283675188 735349264 814290781 897574516 
993425164 505719543 295688408 979617729 273478620 790134552 365383689 262004675 843326250 
1066421955 381597453 340104862 522605262 797528621 512068918 578361182 875387456 946178210 
723823052 394781890 766079644 1015064053 620092649 498309291 630171150 668291649 24119129 
913846338 329899090 838409911 737679031 249582430 270387630 1033367439 155458335 543866250 
749760167 520842024 805870925 519344593 513522155 113726554 859449455 1036127418 911255175 
297776550 540746776 712900807 170212936 190828005 33940874 936292580 132150234 654033523 
360860047 762321384 248583348 384979177 602425899 578482438 149647264 266363106 828064868 
420034894 225988721 983523204 963901145 975748888 430623404 696030246 421351657 944145560 
809756801 207059288 906531154 647270152 504835838 373536106 286429136 675048774 564364111 
320370010 537599531 696514345 974403533 898459578 385093906 149245057 209696931 987519805 
727727496 359344195 180141087 482050540 779379090 406129808 391831920 669538411 308136872 
822455325 291826833 729488529 692859061 27841810 936547817 525648391 675111963 367641832 
899184497 961541099 1042690606 389806785 208169285 506548313 12579306 108830994 331266068 
397673212 258076051 540962999 311451193 985803547 900307195 491592280 394112264 605944461 
897722088 785944184 201741048 132117136 534657685 493567881 861605665 153774922 521409692 
724411659 679423313 122779831 18311667 504865987 10579106 1061002273 894672772 218748391 
493808763 907252078 327579385 825074831 231183467 585655436 292296006 542634660 497717160 
118861377 1034226941 891829424 724805838 858207205 604031784 926546886 990324342 64947646 
346372944 778188183 218722568 867782636 428858018 898145882 990562467 447169685 329270045 
1001141573 434430135 150200993 146148140 928238898 1057453071 473727525 679571905 214894714 
1059382961 971867911 757529375 483358297 16987465 718014492 301445897 741793303 502479873 
905477682 594598366 419062391 970425328 940971310 123508751 115406072 735012122 552366769 
1013551954 651832765 999536455 269080175 579232514 360224766 419281168 725380654 214721840 
402992416 125366355 894293745 617887130 111007492 792419832 301674681 594365790 809407297 
1019689173 895811687 477458777 448427223 727547545 1072057143 867489614 624231049 939286629 
990998365 739637122 600556927 469623311 679447252 178647868 395417942 948527428 757880382 
755642708 294066772 409519212 970364548 697059188 534885567 790916469 241204495 645893059 
509594477 542879176 166517025 245259951 488826526 1062328713 722718728 937253749 716134434 
721034047 731001539 266623660 586578852 648258081 1006260782 113393955 44139568 611966210 
292041823 439557510 486751814 1049922205 121458394 780818587 385699593 18081118 404135951 
920585160 808997587 645340446 492736395 244850240 114477799 659253421 490110191 603304325 
647840310 139087095 466816250 290232920 860121142 124075965 556856580 372958170 772334046 
489375538 486352125 816473614 27599925 778393948 182289300 514351739 754574329 303747694 
221428502 66532098 321828812 625564454 987117258 57084575 197163076 406111830 301934816 
311640875 1065365251 792045007 914945200 639463737 931132103 308019626 929696657 717511421 
432095592 412811414 16727768 130687814 902186952 503079893 947161429 929786877 207732018 
55708905 370396793 962306347 359456600 591825295 1028838446 681285412 143647925 942213880 
738369988 340811002 274583886 1040304804 652451877 266207313 758607987 493655254 905671050 
615998266 801674880 761625884 259767864 160028648 100695474 276495632 290716463 1002882426 
779575525 164136068 858927480 987307543 219844973 155582449 875872067 579301573 747407744 
830968689 186845162 891055670 699440745 925215150 158124848 974024632 891778130 810576725 
166490121 576644293 230490155 1072161172 118900736 1032165036 760045232 378668600 118451860 
860740706 655164232 409168323 789881308 360997933 573304391 575066964 274563653 793149365 
730649413 76693896 298709114 404315334 907662585 485554276 221629180 533361506 337027602 
379754028 433644314 155063908 116588929 600134436 731708202 347079085 598553784 850608938 
305502297 284857192 155535714 423954157 71856074 810699946 833122481 861737382 97956055 
332685048 363062523 372519708 52092589 19970112 449213604 350801704 424285446 283134365 
836355980 645914626 816495872 99641759 1025668654 176398362 254705667 68515760 776532798 
986413869 415594845 301344758 763280983 721097142 586201950 918816697 71309475 658058024 
655774819 904431956 446053583 753730875 163375181 809116106 52508759 215467770 829086218 
501722364 566269474 179629841 784856729 328883631 825544467 527610777 428525390 777471298 
704009140 683231057 845987058 406800114 595903103 187840079 708144873 285442262 908937221 
220604999 130517136 980246696 878663024 786291955 810936829 250974783 466281006 974312010 
1060090889 518789766 116037956 815435283 1020512130 682307431 995065124 731627035 1011191062 
746867768 185495989 365974628 450597242 889505129 1049205685 222842476 222563419 571366964 
410682555 930708292 856809227 245877952 77571468 987326363 152382824 956234492 699876494 
963319653 133467451 92415677 863889839 119816516 611205443 979927796 935251799 557975749 
588493403 856575100 215860960 525942641 529701044 401356949 891917269 980298286 217120254 
867381130 129398938 439683674 365006271 540081493 296650142 148073674 785959445 374221610 
61658213 938342269 256714278 761534707 827920099 390181729 853950384 618068114 509998245 
391414003 524254086 371508221 949389752 39005665 154341497 91508889 564948306 684042541 
492865838 383123751 590599003 709986093 176763058 719997941 75927943 541769329 186337610 
372578085 689843003 972297055 746799696 751501216 836897500 1003513974 439294099 591075775 
319953880 219502660 135402066 829952125 610916663 659656152 127718522 486564592 698661818 
282060019 578073481 189868300 966102560 1070939319 572992052 482959739 707183588 749755110 
129215856 783111531 217782615 315553466 81947793 907625618 214108697 828747489 585385010 
1051006198 758519639 1024679109 568340149 4731695 170439945 703742215 834683821 781356609 
289656544 962402343 194179377 988318362 170720539 772252858 104444838 63081275 769450353 
677436890 546041015 402892118 353450176 675256871 112261825 571232791 990810338 194209618 
405116585 131177211 1022957107 990501595 108441585 707734923 941438881 676781735 712466618 
38137002 306782126 473408615 819493611 596438670 362069135 1013672988 511015208 532789674 
712184022 615460047 595870949 407892552 219155113 68170140 810784670 572605290 743427012 
923046495 70096257 660495526 43514290 475212843 791672737 1066471397 391972614 900114323 
700464496 259669671 503154234 339189291 297806674 809936360 812597906 43558461 332633207 
100925217 1057231450 843648415 633714891 695673648 385366638 155844017 29824376 604521752 
224014157 840609046 103385218 967441169 689913718 173481475 554194871 733428008 648694318 
272125785 726157581 1040666933 98498284 352880254 226594780 601652518 692069545 524401454 
337847054 430925627 567959916 670480261 531850845 551449542 440386853 91823912 173381366 
825753491 247667929 203205743 356533419 471682087 1043814789 459918637 365381432 659986683 
633400113 919576304 319672867 208352607 117960265 1045830449 175277716 216458549 324968879 
401872497 818111067 1017038424 926273951 82216297 374222227 420492043 752696559 906073072 
971941585 119341588 997896985 71581128 945095079 171823090 274786871 227886675 643505177 
244859836 687805312 1008886610 904846520 247463601 854721090 150777563 455816209 972681355 
122866188 631093925 115398080 447835067 1032966422 933509147 391131667 885498550 1015725444 
765353895 232248769 694680179 597685143 130448531 814021767 521840304 202029659 685375023 
693663395 476816530 913261698 263426748 721676366 527325186 198571534 552781062 774788788 
1053292624 703558626 156863173 952232155 826424814 787957098 1067630235 200518058 747181697 
927397558 591649725 558938423 869381179 283261796 791187192 490319534 880946940 921635723 
230599478 329045420 49923558 915974501 1022708815 526740088 755494375 212393740 174674631 
209077737 410965274 727455693 983866525 390516075 357272495 66987874 269006406 109955486 
854944973 262894818 310473544 528384846 116550552 902123269 13581445 985931731 111643242 
804768637 402509442 992590182 652662537 633108920 247893778 702586095 475341597 196860770 
155584360 157094148 409254510 330258991 366171885 820219784 1057714684 276296587 136994035 
341245356 343284461 406000442 451200842 124487610 668895260 761674386 652872456 785445812 
590055831 666453901 697635720 701699073 397480715 26403338 620547431 1050143252 659512258 
868441210 678987523 61112031 1065301980 834571883 218206179 400814666 91089050 584378064 
147292626 75061911 860674651 284286662 416307267 130217289 690287104 867508109 254704899 
285440540 555440671 907577356 1070886352 71754678 500289433 694780248 773453752 897770148 
721183586 320259359 874171576 306954020 114958745 479417276 368066051 106518901 240247335 
586272230 507333567 331336386 96908471 654626194 406398297 957583122 938912856 822705564 
14058587 555458136 616471849 268763487 840898676 98170696 102599019 838043204 169925374 
602888452 459081629 943379126 426916777 106523391 189896662 227346529 413477412 304855407 
706763805 781543463 411374309 947011141 294073870 918707876 204605703 390982341 499592246 
611004000 274823639 364763278 359967740 288882227 920221414 976439589 557645714 687378266 
868461 660244733 451679647 170793835 189391361 910761276 40431138 616308138 1017284667 
230327800 843654668 357020255 535183207 476676649 64821895 946557516 349945966 358895765 
791523569 554551669 749878106 217373991 91813845 1024701745 582137270 451781585 239842148 
428616860 354479350 797487862 42253303 355347811 383990771 493932950 526141647 573382133 
330952402 566572785 115948447 274495245 796900585 959603115 631515501 258341968 362537941 
696337396 131157661 712483907 1055233161 922681230 193293753 731369443 66313397 285107598 
682329364 648450667 736889184 922171513 3325704 17626710 645917551 45579007 372974522 
1029908323 539511957 899116169 529548632 870464359 391947130 645497079 71217780 115105891 
531358371 702733281 373447859 893896312 325328853 504605520 532638395 306820190 353544926 
725932148 1038189633 419858324 1011039747 646777174 1068308991 674187107 495206863 1071634695 
691813817 67382590 43471878 1064788339 23549089 582983835 890162684 553097721 379706370 
208367990 124852977 450924151 323473881 656211348 79915608 696921741 476365836 405244462 
127785437 1009004231 712064652 481330364 661194556 676512462 901188688 598492479 249547812 
895755855 198937762 744754675 893648727 890751579 812137265 937120605 881798095 835686355 
446362617 698218955 315042252 826068987 906586946 439895229 203251314 156319003 22364753 
283166923 853240744 498730589 688411385 981026182 433992997 326734213 388614722 21445729 
1003246675 216061586 619938208 179052663 38075617 818875970 923807338 931724344 635885725 
662202780 795103126 443941996 424147311 167723919 68419128 739189563 993792906 975006074 
105342969 123302397 57583253 127707722 406469320 910823998 626438312 21138881 818108356 
1060431309 347873094 132981254 8135214 277377946 349042840 628073422 456430609 387118457 
373207568 306496124 245100978 1009093293 968698904 1040204104 379293466 319104391 134186199 
447712594 1058293954 54237281 348976844 89895099 177539678 406560097 217602822 584008998 
243642271 844041134 605147879 1061750627 830730619 953020974 120990057 838865833 156657096 
470032897 393197431 613087705 857151355 766404999 919583829 28510509 701756468 814540909 
1068714613 7308110 59903476 129158988 455020704 44455607 183396269 803997548 134350706 
360935948 136815822 351953528 944944946 380458093 122252838 476351002 368466897 952983457 
355630152 489456954 718107466 512287248 959489852 37563073 51633129 742899383 803968072 
971216959 771409892 431982717 712016044 766382681 439290827 771919521 895541669 894311532 
816375128 5196114 624567256 950725834 366132062 761383078 228937539 237335185 68099348 
351190377 713686187 436566245 230432011 1069316339 926023199 948539477 507861763 811771227 
986102551 559494892 480928786 716328799 456970027 178596854 74569692 95244248 944979535 
513860520 867163769 766779380 334430228 609797073 771975495 958997484 486781083 64365733 
646638739 715718622 301700918 714738087 1066909000 1015387105 77562508 223599187 1010961620 
