951505075 765952314 82344383 127621206 741494715 807994530 293116537 399996870 209190516 
707179658 1069612589 599458021 973894101 312283418 887640632 620083800 770236839 219801210 
42558028 507475617 426665763 470646018 869164130 588977805 940024176 95550745 973533516 
465810981 13918991 4797706 377347082 965424066 770750021 459691465 19303448 438502912 
193944172 312419986 838499783 403134688 1019599644 834370548 1002592709 919751921 72912142 
816491518 466093897 843148981 1036292728 508651926 276882774 389216668 979297944 72305080 
978194473 845580297 167855825 877986165 237649454 181774816 882783872 614996537 73457059 
579792069 946178 92760507 1018294981 194890350 405180493 783052940 598025038 351038313 
543681664 526875924 197048410 616593807 269625618 663142308 386000964 232176522 98052410 
662883739 621393190 3608530 735188819 525845839 849188827 903044645 330090181 13096458 
11077637 139132229 628092995 84534696 718924298 629039173 177295204 663477455 823929524 
582475697 372788572 348212738 933514011 916470236 875088662 56820597 459322219 70972456 
719962905 845323184 303148979 818015315 434465099 924542169 821623846 95912094 376646185 
597070849 998956739 706736366 610167307 1010034377 845868595 164518478 20827249 491051069 
793557652 198122453 80786700 543745352 780598151 453575272 891958090 640370338 296303685 
693304929 697190935 755625904 764277385 343412017 527207264 1067426364 87685508 961672363 
918226710 909309354 1057584458 221131071 432638380 982799373 927867437 1042805687 919091926 
699994208 133582342 939919176 117303453 927139994 64299805 198090153 397143522 844897956 
651665426 215359788 411526470 947969111 908664717 34975582 629853191 599200279 378387599 
83318632 592884819 466073107 1044990995 437369705 301640638 1028833629 658500776 734279018 
937891179 512626389 703342881 783241281 138878773 836925223 649418633 256182226 690323393 
713718439 454272380 13725091 484874571 32195982 229084880 896401042 980165093 64007773 
931376624 536276460 663208052 236022399 619595092 182351048 702095506 590844264 619720753 
1003736144 545936069 204479706 664273338 410085424 717106095 293874396 119584882 855984869 
57057795 769003515 38425271 747381189 408980130 492697651 761106280 893854702 524893633 
990191160 716513920 431316902 1054198934 574148720 967593363 643665162 810171119 513446631 
826016210 438524801 30549071 371995140 368519122 576485141 576474846 1032792460 986570565 
219839117 252925032 32413623 2082162 309982828 801417139 40507434 1057364017 136655445 
533205085 744728473 1030510147 1058098719 661177810 673282243 415673797 641634920 173689139 
309525336 211558258 983860258 822971968 1037574469 348643236 853521039 335827785 717162358 
356264356 912302631 676212994 269093098 58399924 929138027 301506721 60482087 165379031 
29182036 100989521 149001224 165837482 634194606 893729697 122605805 618551501 481165683 
795888049 1034225299 49058779 969577188 270008811 260617038 879695623 19238955 224449683 
154597035 872759995 560277468 871759393 155282527 398838275 474230563 424375625 457238199 
329626766 725882347 517720286 495005797 755064383 618709807 644007021 920901865 179162590 
463994895 1043507671 797714091 945160578 765653896 758197566 994219358 661489260 1028206378 
181094572 467443059 1047445333 405544255 622040094 846463504 965821723 420057663 1001746032 
290918174 894288227 352379833 748156373 150173169 4520356 192134836 645178967 759584740 
810844643 215444164 606744781 990007233 679439059 576510628 713979501 550857814 268422700 
398435243 471335348 929911961 352899797 652429920 323613196 326603307 1057974175 945653291 
99324987 950054074 291969130 27329195 167230424 112515533 379709029 915386797 262688703 
384229385 33779809 907867670 70072301 844624453 49570010 676817083 760889862 729009070 
179585887 401127539 206125060 448008588 799562783 677460408 304178725 78720756 256148504 
627791921 405324063 240380855 499703388 504649051 116693105 791672519 531978246 283923529 
904188052 911687275 125568502 93134931 222174837 159348312 1001002601 292247138 1003972765 
1050572612 969064221 691120803 705839858 74908285 18506519 911964918 522916873 818069302 
515683502 827095598 896790058 771832006 381145695 228372298 1012212861 880849084 733021349 
55164142 598779779 191257771 339087671 429226007 29203223 464656173 522360939 251378060 
624004485 449621716 543625198 554235426 426452504 438947596 171614406 58550538 513855881 
190120925 970515456 1036772754 1008190227 412457134 790126528 831238461 110547316 97530399 
1059610759 49018353 978379483 718890284 104182495 503417438 910148056 443270166 932643446 
939351279 907926340 381262561 116987515 458189001 830884277 660612713 1012424428 183594958 
25818485 110297010 242145496 539674366 300417935 138919129 502705296 234866338 551376263 
219090000 1066104799 661923580 316620400 1051973735 710941933 221258059 697122195 815124429 
724675498 533528427 184652771 583577120 399137882 18837287 964839681 516125397 477026289 
721982134 102996287 415708893 905577092 128814772 526005903 73980765 668489139 826423838 
212899894 97452611 1061290176 764276157 316542612 1053653151 352457913 633163012 1031885062 
1063399847 854421071 655265434 804782452 505354745 115052037 989435223 15190041 514189920 
1008272511 980029722 1030315317 411556976 628270033 59569780 827265869 460105301 188384553 
279529948 534086066 856873692 32211962 746985960 954326303 19760314 437520294 197127091 
1073413465 789978207 830290103 1031556704 779636230 610969351 613080314 510676858 42582272 
728132351 426370258 57772314 168580447 360900945 1037802036 125153941 772457921 592330245 
184723721 525981966 1052435547 373108274 805511914 512779789 156240142 837723876 186023926 
36824622 857484190 623544220 233951713 857155831 339780603 1064241817 814970711 45675010 
601469344 354309201 556351868 644051616 8699729 982722126 701823930 177280176 269881247 
665884143 302434117 1042339168 184472564 487157839 494579310 163166287 860266113 226349400 
675946077 1016506256 1064073276 861970003 1053330878 847815642 411772399 213540767 631229650 
751553002 204040760 372458537 797228012 805510104 726767739 279838057 375819897 735467468 
188818359 3902003 912747644 458699607 669786146 141439938 427296951 854258711 628597777 
921876262 1017424998 415122066 74483838 619629251 357886498 64815291 407857430 337475552 
912630933 819629829 551016320 470118759 497441008 755057080 842577297 220927196 486825361 
495603212 500765253 862645258 157328856 689583613 866547261 1070076500 74541396 462591584 
137774614 501838347 243108471 766372391 349972785 186791645 107752634 424456624 806420897 
465639132 489271915 140536503 803114685 328161024 960166333 280389181 798279784 383865517 
1035446261 567115257 604792713 448529798 1062718469 31816143 237433232 146305501 721399756 
30238670 142640177 795941152 492830254 280414792 224037675 735938725 1046787183 574010461 
922730370 80797993 998467085 655409443 546437126 413997176 795945947 275809987 742158200 
682370456 556199168 466696160 1066235973 517903605 1033811417 597286862 966433404 1022788062 
629103005 130124812 95351739 276760937 160363482 237991917 1072702089 653193736 518406709 
222997941 315390637 491452068 797008402 164379184 572250062 721733663 819788627 44945364 
61989015 541992750 320755351 804147215 150621382 876954519 197101552 143115531 321116300 
157171145 740402394 213807880 106217384 295763575 343932693 201569123 572524513 504296175 
439561040 571484778 83748088 957967749 794482719 399138725 375677994 517749297 563517909 
947928056 165741136 309564713 992873420 227730151 851557463 239886947 1031877367 1002178846 
43099642 155237095 71552553 364215942 312408240 811954947 578023823 418625624 33976699 
921956516 620194748 606501212 352510867 1059755788 104244166 436258955 943981714 898726886 
835397681 245917884 342734359 325173766 120104116 508475496 634738479 39235712 736205647 
412554119 279122659 694341190 340991141 322222301 849578285 412543694 686438243 88244702 
150756818 190720242 506870326 184733517 38934934 53323250 791234729 391445802 39337215 
895478895 827704757 983318929 720463957 589360614 155494989 1063198317 914534381 275599105 
497931989 475531036 314834817 160395812 888085155 593957476 854737003 155334472 916179777 
630573464 567878167 528876196 718818166 718634985 719596439 151946669 903368502 758531373 
205269919 620861407 76235351 244607134 442598478 903940109 154184239 89320612 419558899 
309679228 78777105 260351456 585278333 576709094 735882493 900113150 737104906 550225824 
420328802 518100085 705560297 262766755 74931726 199696640 791642952 793749892 918331625 
437497567 945696561 747958303 122287116 77224657 295077886 198522468 321831791 737676364 
28720753 476016031 826996976 448279652 785695259 905774081 708631109 297231769 408741351 
370771778 123603095 72104434 920997602 543931898 590204519 552816075 806698653 665136245 
752512715 524599781 385144314 597102516 962097348 257099051 271318995 10642641 334323708 
566396881 209165109 656155500 230331422 237885862 58429707 1057328398 686165514 844124966 
889360656 321054799 67614911 224360183 691826577 191218007 296464617 539082356 735149905 
886669137 18156607 468106734 478063558 770669323 992706516 863207872 294030015 881062040 
46565100 565349011 891704681 380888808 58004068 27127966 1037044308 288335490 265013828 
21732191 271922065 951179343 865857158 87540897 198492318 933472069 311901080 890318896 
50948252 608365698 355659428 786098157 421293011 373816035 180463068 899356569 70743534 
99427760 688822618 364773550 980489800 735387718 930122561 798452658 42534702 988126629 
825580624 5837187 202720296 16852629 27569378 474642361 968031972 893426536 562183258 
92782466 753156782 874084338 983101362 804105034 408708212 265018966 516461368 830001223 
638835002 696924436 655615969 709578536 796352196 270696763 610262 703100172 1006084481 
930732823 427811006 1048619183 845117629 179649807 1054456370 1047837925 196502436 8283925 
448738462 90792584 901710461 1010921720 183575050 581125419 811264234 92934589 311488630 
146230623 357953555 827949998 976231846 996788557 451132610 558105991 632625270 173742982 
828802754 633235532 876843154 761145411 490226532 230912337 736022771 261602337 410562144 
716737317 235698438 607064580 725021242 684436900 697857164 552989880 621616796 881432214 
60373475 359139206 974366803 371862105 505369829 258578535 126070279 407859852 181625268 
577202889 965965843 814250538 750945871 721026774 373744247 554047202 408430361 863970779 
784959539 70711308 51831292 121779859 787448626 287529730 728844439 438728044 971966630 
352959779 991717924 519841602 160650169 1052091400 878980808 61275149 350211681 310608814 
319853684 476281961 718468666 501478952 1053484850 610692685 241987667 730688898 257977635 
615731914 210994276 666407997 405960869 995953815 737119305 457792161 43991850 450826107 
745321891 772836289 889554152 643546697 52054244 807530252 89646475 212704413 785879828 
968627283 273979562 62349686 205494273 593833246 538631647 923962939 21570375 518374673 
460913801 263558042 175321747 718891436 879289956 386316023 311557609 211509001 308528014 
1048676915 669301162 352519864 425761198 340881229 51614329 241573526 984427926 103668573 
1049103779 332577 316372987 761241783 968959860 590352549 823591469 100712310 110443972 
288481292 1024675249 132014347 806855966 411847226 395572389 982177713 56996839 201120521 
294751913 368554448 412629522 603279927 343489539 8188860 955799792 769250738 349070089 
1007414121 1010824264 259756191 37340871 986186219 260088768 353713858 673686179 155306804 
944066407 423535824 256019114 1054510379 712017117 206952540 112782902 445131259 618799766 
508355291 353567148 675796605 709475812 648319061 1044351054 48363510 177857165 314098769 
56552370 59915133 9607683 405622459 1067329254 1020431948 665378650 30928301 932876343 
925467418 384642159 532820698 7032399 254966743 956356523 263051513 235735298 594631816 
470004053 348518201 1039763075 15061996 856873492 319588399 690858601 492607481 967907461 
661467831 540970991 72022802 975566601 597523362 131937935 985174284 1003145821 125525365 
931864408 594782648 156453667 790998928 446508242 541095826 250077802 453540641 796062569 
132692501 716592155 1031797868 727324317 112854384 306574245 693345568 127916380 89705913 
1012933968 818774982 582313394 907099605 406500989 49542562 979122407 308325766 647065924 
37318518 219758227 576469921 162843883 77880811 97510745 319297550 868879739 544018988 
860393377 45215718 997559629 582714122 177908219 640409960 540770166 905232537 753264345 
847344411 524836281 881180725 937050325 464028425 626213883 445621895 297386206 1032714873 
495164457 202766789 267298815 68488557 240085307 487057042 644958479 402929191 564937854 
742469224 722226741 360075769 212746388 508878294 405291487 136564194 17850593 583199707 
776974154 558620759 414690420 456496675 332223347 939526701 263935577 195531848 329813303 
890149460 641153743 627199509 849122509 62576377 829966299 42679501 131064934 1070051606 
529736543 776023413 399238973 20932573 444750814 47723891 381008343 657497202 556602185 
786299830 794061396 574452778 295757713 497293727 59331714 710448133 953790402 391555061 
576233011 143984155 587086909 906046314 1034133616 154498828 459503999 809514301 217075205 
215728474 852193802 348140140 212038257 308188522 50421729 611277230 329121095 495172543 
659001121 710129438 78927922 141861483 422687445 872989318 716314261 718445158 296541221 
775645975 355151468 176589800 93459212 931384479 320573955 680546121 763688969 280965747 
835044950 149451144 16738225 1052120155 365179619 868932027 326518471 577217876 103378725 
376940201 114753282 432499821 872112744 773754404 68887435 951040666 915615887 491574880 
750288161 558188324 136278215 1046829382 260092476 491429683 149677358 353551688 349072338 
470251314 1034097810 39019483 751217061 795400936 188470627 767955286 773779267 553650246 
563145490 26555915 57126298 666524215 403496116 171879581 25282212 201867036 945633985 
94169648 79165879 787508048 585744528 829454040 271954548 722022743 802541598 532047024 
139710602 952218957 885598713 488782940 348728447 845954699 527802423 26203684 567613811 
716273051 794158971 267651254 196181473 283562637 294207169 253307772 950086852 697703285 
425187353 975369065 899570322 297079514 1069538713 978736201 10845738 581541417 734448417 
282800286 229822337 463248191 814847311 369532939 341725324 626704200 858315880 690453771 
398917075 312376479 716657456 966530886 1028649530 437074603 160440316 151089180 720637240 
454647486 404396952 596982268 78608947 829584305 498609509 978179269 52921995 494406398 
883173646 63767733 2205992 543880239 346568019 232028329 1007128431 87673506 601561268 
275111931 714377706 386135324 965565703 39552957 698511804 608481335 1006083843 653419510 
1045555938 92782336 804508690 692451354 547429822 135163818 215691798 626038769 964748123 
714301308 530476215 1017670118 134965882 339908037 7696027 137171874 883788277 354264047 
369200203 817174884 441937553 970761472 18544991 82573436 283154972 984110694 122126393 
981666776 518850205 54468413 561344463 490664319 147250749 292111329 109373849 694680571 
427275148 325065648 246977516 318281447 1039366956 777453731 262209742 100591014 43619945 
269905769 237762889 927408222 624169816 606963092 670841282 1066107370 503982740 689386273 
74938982 787137713 599755144 197065375 695062665 44863525 251533788 182665304 535527845 
398784537 474776634 644901694 19723284 902051782 969967342 266700801 146591405 935592474 
1044154532 408801147 1036183489 14032653 678706917 200204554 941440875 229134909 807167646 
538540333 221500455 237408563 154184783 296439437 1024546276 753939927 493504813 645867117 
798803452 745038601 828532422 260589473 70081315 229567232 905491168 89804599 57877190 
801716686 356505400 204468595 663567337 326918109 613269743 626009002 340950762 218234836 
826213556 208649814 447369745 559639378 747190147 668870201 797047941 901374930 965309638 
747852393 581573033 385072627 319977687 306634662 56369405 74768285 567224135 126450720 
304335517 398973479 216255319 362212707 126948342 572760720 566681302 790515679 899678829 
106209221 342782857 166887767 324444057 95254589 375537581 771813803 654893967 48985905 
366942180 378200085 950360835 258509994 52310654 458192045 643582622 372288341 764826707 
699952027 447056626 258309018 826402747 751392143 657282498 1042658066 39863026 784230840 
541676962 606544329 501004695 367613967 712753550 843787552 534501735 1037197608 939042141 
910039316 735269587 520194284 959025221 28469943 898394369 835644233 286979937 950705024 
220094454 930562559 249251541 984921161 556772762 696308168 169488355 309433685 373958487 
826770853 278349928 413821514 537259869 820026890 1020365843 1038264564 113899034 659377569 
808310292 648400769 622833353 673610609 484698261 284361116 120063070 369981659 312831059 
1018457439 131884068 599810997 895420639 351978522 456631732 70930357 263157859 1013404495 
767238525 432646214 249096356 67455188 185675244 527446284 481276702 722935113 273731351 
427900721 687457854 387630385 13536467 422026322 1036031154 636369820 21895108 446987591 
920730937 141958178 816969250 159820172 86673793 948853318 759631169 982094433 227090016 
142521078 1053024790 490247875 82183749 746521491 922894090 331280105 813976679 34827510 
858726390 221511558 757762623 58715917 649412279 371478653 446346302 662948746 793504976 
408635632 225576743 815400084 855623223 72565856 957358262 598850650 232386028 1044032055 
473962144 992017198 952384664 701052161 60796452 931667630 117558212 142980201 604447297 
1040452302 474260306 344682153 1537988 259244872 566193711 759300612 317960789 141864166 
57037441 764307091 804812913 850542417 99200899 1030389656 592200677 954824123 29213688 
475817115 479932949 261599716 446107347 953895093 179875090 324750187 581205430 240671542 
182675994 698763643 383651743 787123291 665474121 857912050 58063620 667012110 43415098 
624257331 352570898 361375888 766121498 409608339 51941155 497192587 186408933 151142055 
453840419 778609610 32224354 483054107 180684902 512157303 744653823 626792249 392310572 
924528914 951542436 973516003 91458632 60476606 598537822 475110376 847599898 190270119 
259280602 905663518 857282229 302695700 456179026 136111303 664071588 148558700 545719643 
716012744 645751287 732128576 867154799 25849882 436996362 899379153 508903989 617681264 
337794632 179815988 170731689 730105204 30603078 48532302 629879383 122061711 109008908 
154675381 597172087 956608806 344945501 856452689 788530501 128485906 85406565 170967703 
264597210 749478154 319526403 810316853 391749074 965277690 468703605 185162049 991127572 
905699967 10799378 426289737 449639408 348594010 606105725 620371097 4957390 636708804 
668903399 634836774 758770515 777912308 789512155 282200778 660779290 60715832 64911643 
375567967 189201739 150318208 546535670 453798949 899796362 866062073 190373978 217803612 
757597939 659077583 402965661 674983687 491035726 413765039 27531600 940675134 762359049 
633637326 487304408 767316440 196604306 82465983 328411390 955374821 860378291 44181721 
163833775 447415758 104897554 228745418 822983725 294099293 379063626 295777572 747898242 
205118165 88097821 938272220 422921777 845695761 523607979 825887439 446937624 1014643705 
165910654 474469225 881577016 928269704 34364727 295139600 621844320 230969033 377605583 
950255710 112602030 164242051 994437431 276435805 611657809 25593161 505181223 360899710 
319692454 884244849 656677282 1067590696 15621190 744775104 932121092 438542968 516729041 
381987247 190688583 963666665 322889129 356599237 364394066 130724321 211127117 398758793 
425863921 832971437 629727826 803469504 709485323 742329856 967711555 630180931 1018765661 
505627540 655774092 450205060 866527251 975466547 260708086 449462709 969315419 276329276 
120495989 827694688 714872244 637225030 135940111 905560827 527149872 458829240 188418241 
891543938 589553561 399545358 216560908 1015417482 158774972 846288734 745145163 868260295 
514876767 639114894 424699402 459900604 71000611 6731671 910105665 937527862 982198218 
97071927 313248747 877771813 373401203 433744737 631724677 14531624 1070969767 767664789 
920092451 524377815 152752205 34768868 342179930 742305767 434314227 558740838 683981425 
593089199 331287748 355384764 387607670 846164515 994499659 812307073 232323296 1065500270 
819038744 68687137 929286308 727495138 165759064 168793231 531525127 539160267 602537968 
89507981 553691891 599765912 857172770 400042519 50401903 1009924975 434811387 392581833 
678488918 869125614 951322671 288728520 388472989 208868596 644113284 776080660 1055033111 
564871119 514645909 213614583 556629565 259942829 282301720 412174049 987437967 448060784 
580967281 445221270 987221052 109763425 534729251 467171119 709529337 318160197 867213638 
759931241 254343349 228283202 78771250 932832267 23666992 1030093922 147818963 412139982 
165220694 791932248 114478818 146511981 283061543 629124727 360126565 839691109 889067556 
642428285 178123334 802763699 16747246 759090615 174243145 1003968298 868854041 708972397 
397397593 504641554 1027132594 190869408 190830971 207734119 419152610 269602222 66824563 
442819602 225954320 214643526 854959584 391175014 1006575774 969438402 537686995 215895494 
524821305 897813560 1055586603 340147037 466500022 159968113 69168912 483247268 919058729 
243412058 413473742 714170946 952384455 810871335 145070676 905775225 1001740743 335901648 
39767521 347151529 605503870 106592084 789971132 831458190 321235610 571188892 148891380 
254069561 466885471 686578375 469965055 991706776 510650112 451809834 258111990 977150134 
611777947 327280902 386655578 457094852 570692960 800129320 97523974 449335591 537258831 
242594651 281368993 465257751 578496299 321136514 812409280 110258345 427728598 528638588 
941716535 748964208 26085657 16866091 1003033769 492971128 703444466 399257000 410936080 
140352754 851066834 669048070 43761064 389102958 996328973 430416642 846197810 493280109 
156804138 943721785 942615701 694062970 112574612 150242870 85578897 691070911 471379384 
897988177 801329256 899107982 352884942 669303967 574330366 378970599 686170058 503622312 
871941727 315872700 902879312 209135983 456225455 680204323 878184054 499986519 1069307281 
800771203 930403162 841763267 220309488 13465476 711743228 89183365 707528446 824317840 
239426235 793107343 441646927 710805619 617353697 169234359 536171777 970238639 838538326 
36760320 275467414 450966560 540382632 73667317 766839261 369520120 282803300 149322892 
1049724443 87245530 649309411 1045289900 888016733 505970749 813311344 34584398 519436226 
451312748 123767763 153222848 201888765 363193999 946330192 643535692 257794 489942065 
812770052 536429572 386438880 577566554 573189892 661906294 1028533115 39830700 735573611 
721630552 409350820 1018376911 870953444 385333440 31880618 446521031 356881516 919897351 
952491781 96451036 954481749 398186183 547763785 4507689 551409031 749652550 367701688 
423997399 319446418 367959482 913939464 58474646 904389054 226636520 636041201 403837122 
888542814 590832492 443667822 550374601 238721220 853018643 495009689 35932840 164610259 
526890307 482453871 521491775 373045834 361203828 617942812 253785760 759390011 91964773 
258293449 237057219 841617323 625995137 661054618 87321917 993954619 501252259 145796564 
824601850 727888779 781837765 154697148 542689770 298928433 598364971 19322547 537649653 
377641790 514332236 573582493 542252049 1041222543 1056036364 1063743824 340526554 343498369 
607944812 594312314 29146556 699909585 852605763 266203775 467785084 404859076 927258394 
555107002 325071871 354768829 700903566 75931897 8915784 408999507 230629046 551605554 
707927940 828994017 570928102 171835769 132893983 11518514 745418262 675146032 1052741058 
727712802 665148032 319525788 1071211171 199351021 913838102 26615904 899260606 692702041 
292819679 293303867 23819293 146336249 848410869 348891164 501105078 475572611 424823062 
510020863 884572118 655452108 1061626417 518758234 410704301 558812695 690594003 543598284 
570331210 362270441 145002492 549330444 16241419 810150524 868856232 13710767 1009501545 
708952510 40326671 835020328 327912727 333146350 54582371 351732020 479482600 902993240 
700623184 980587678 304824027 51704422 416866717 115654321 707156530 404751311 634412555 
44119007 963564006 251264734 587717291 460153392 613535175 732719783 1009483836 629776594 
469128484 804598244 643487361 404888205 439808930 683814032 166166709 767721657 1016960383 
220749080 45711853 422701159 50000496 746335038 329547013 354824523 798039460 746413731 
470478844 431454167 77423218 31149575 475573174 1040987224 282414309 1063290466 427398793 
895949484 722268425 363140805 451984255 117655085 93997226 21729792 522543291 533806156 
705543825 688710000 227785990 648762384 909459081 273497843 1071463543 959459577 1019832881 
327268732 240542277 744130518 1073682463 711021121 101842861 77363857 742170697 577416035 
44609258 1024585006 566964677 472008051 846792667 215491279 835148856 225035098 333146364 
929146082 246764890 855689655 389210415 952308715 470657832 616996405 527329275 306375089 
890494248 525050994 192092842 836585306 852319727 432635119 506974000 852260366 69914417 
608816861 929624224 812085114 112491072 974233482 762928296 679455750 372499709 535979139 
894947029 133906741 761014237 154351569 1063052824 1007779128 1010041225 378521415 886346019 
406957233 995517820 339933471 713332322 812270244 864984465 905425164 575113726 643562368 
264318460 8345902 422080911 334232877 617162763 277963311 72576167 729653836 178454969 
835504463 335367762 550954678 297741779 156572967 684861419 1058756016 310924536 674172419 
992793320 247223937 1052693834 805397516 654181170 974469830 71589163 293771668 712998251 
936573628 125455009 214370153 506394173 389773469 222716056 928475084 724006346 839878819 
132696571 796582513 495790831 311151540 558345152 831158593 862106218 856086931 987731560 
473225813 841101124 224914273 73656409 760152620 472138210 52608419 491808312 52577557 
1027078250 563397475 346349225 666334677 426229280 471804234 880704830 932623453 861577703 
29679062 787356713 511842225 869557882 920053284 234682914 291606889 157463000 793028067 
49023659 1019569218 575373174 1036755219 419053207 342732474 187927668 492709616 29143271 
660065879 545318036 520951583 712643436 498654462 10607235 1058992661 91247315 436836515 
457055072 971952145 295718144 244890951 1001631208 9333033 756733177 797447266 929386317 
991416091 15312331 13107493 710702334 64335990 1032676711 212333685 27349386 377988094 
555066159 215277054 870697711 584209430 875342933 342273923 31419190 514244545 840928385 
42026425 499495383 932175700 478862940 956550455 830386021 774581084 127699582 758275405 
783914117 884432759 481980847 639558610 802107027 497293179 652666103 439067537 561629169 
611600990 651401222 588978555 989589084 132725558 804255610 786544971 716934988 605856719 
55077070 748354178 46359441 896005455 790380603 545854824 754439331 195501719 428663455 
511083529 970082803 556363037 195617110 680255096 367053973 677597958 246071882 95419176 
101149313 898737985 534486713 662778482 436597151 112146112 178015214 352444412 244871670 
982270824 65247559 961806658 514385719 120324630 636419013 560745160 1016330085 353057792 
32858160 697027593 548559512 461521615 134369298 444900491 1017884653 329986408 51413764 
311196802 1007584366 297485646 406615978 34991855 122481808 941102691 697770338 559078959 
1053248803 875785552 911523371 224378649 784314552 976770931 112443484 224958447 23353737 
748862497 785703608 1039683822 28178465 818561768 662969591 576737977 206341560 797338889 
1021638469 150484389 53583474 1073052233 461681191 1061167840 296796055 868297169 22417872 
419277863 735658036 720188210 978356823 715165016 522231938 816138370 939543665 232804666 
719167477 1051987149 457763113 742521214 727107822 169724897 708463213 755286288 988286666 
297690980 258282441 120886402 21288046 206179086 271370791 74871520 205489495 733051982 
62297536 502285551 527607327 84715408 921563414 189523539 804903618 826178413 904688555 
253393732 568574960 770490397 486198398 214000613 748735722 943961512 956521828 402101721 
39944585 591243217 83646185 1028231251 888934197 341928626 75375829 910222243 548107713 
346746620 985093763 753597208 6056778 1047391300 182140935 533664105 58364884 29962526 
723187645 863268503 856140939 554134376 42920411 350974075 250882949 529118810 564974689 
999618672 399338498 447754693 327978569 439283083 1038997910 411624754 393772511 854190283 
753553380 469148340 690670703 227919269 815894961 602022642 981516478 821951739 575672118 
89915589 281874021 634037003 119878115 1005061666 423563682 976019055 485454218 466484093 
253251306 736337168 995602903 818225995 662214016 321199577 192238864 990192585 760482661 
157494950 328075515 80513348 1011685234 7887071 549661688 628614113 235806341 291814825 
156894931 143580995 40024741 732567050 233496584 321898762 292862229 353374700 253218604 
716425911 255651931 738672822 109168180 508903237 401268166 31029260 253387409 1063482182 
352228837 445626273 979932943 38969674 603121224 234266634 119483022 541064634 242153706 
669144711 95936923 477960047 960959536 252831854 621541042 1000984277 985398904 855037626 
249141215 204519309 134670502 502359819 920945220 390322433 167290818 1030113401 899225671 
568558984 1061142661 78871256 558299343 339629674 524497529 464490462 378599349 53876929 
698757097 498082371 594941563 940910803 93485258 690878486 345129026 1054444795 943710341 
966670068 981687248 855367421 747965870 157086640 1059886731 882636373 659446459 907090127 
199216982 826737277 863461704 24700829 321554438 850862541 103572085 879853781 116750392 
628069615 270602419 495349741 681946544 969359516 993432112 203146284 836528495 13175547 
894024770 107915697 1067620342 763993287 843941 975565766 545618885 748809812 58910582 
531763792 557704361 718357042 365112095 756921343 471352495 154831976 781622173 792906933 
1005694517 885194258 599018890 48703085 439522049 869621310 544052826 47726770 765239002 
463743115 250873054 528025674 476918662 71156000 635941371 470797180 835149288 636785313 
372621122 307026349 311853301 431531705 838790141 869557662 76146923 130160412 552737181 
547499418 284992388 260617530 266664528 216945082 72069965 865683418 265648167 511592014 
661562904 809700994 559318784 353060083 199702285 810191838 881085757 676620947 881347839 
443285304 73676303 642755303 6328793 446297425 949781652 318182094 877829130 714829969 
113997932 953976053 844990381 666735114 427733648 56240946 927352644 694398176 273186028 
999422609 486339770 538834195 437272800 74160851 274793365 996591584 427220934 474495650 
733041599 234564867 77374773 540647614 677850171 151051076 109661093 684178965 597348502 
1059442745 1002361059 401435808 700530890 42617168 281670038 471779447 709352282 709403686 
528020393 562963102 330060038 801206421 488643888 816399808 266298793 925916688 890560659 
541092158 848766448 244039769 1015587809 508066223 478604636 19220758 1048713837 82712984 
170271835 84633106 766891949 767620337 70334027 695511184 95314321 770864917 738128352 
376984359 168902541 373738810 12646221 696922934 936701913 342706259 424387532 351603977 
85364244 690686325 203778841 975924903 158036659 1052545289 146222849 99882644 486869689 
624827485 119103403 461841702 707540469 289375238 546474809 400690594 1056995575 616808836 
22459955 78568072 313931930 760588307 455552432 482834471 60585294 468198653 106015581 
997287207 810904913 530403113 275149360 896269157 147347614 478928201 798452236 305384274 
457731666 944675085 405266918 944601355 495760747 524370321 332701234 129559392 813745559 
879176043 530249987 796999310 422243055 552709942 875567383 736174985 239556425 257377991 
145267632 300141719 725576644 251283214 223687102 462739733 781686327 498836462 285267066 
929033942 977764663 9977479 160676392 361754506 954652564 565943310 232614037 376671487 
16571808 565315271 506230880 830317367 370749490 1036480867 553574854 792992546 515448985 
355400413 455425707 755005410 612778404 600693340 1055147130 264613224 851976554 205092408 
727352958 559921057 703928871 1012620024 415213175 607951710 1022597503 575889567 969706216 
903508244 68091054 128578430 206437907 84662862 693893701 712668787 914980229 1064643192 
675407830 394813259 783893914 117114991 750213672 165577797 872120402 289250252 766271137 
853525708 553863477 544505867 1058618116 207474611 30685101 688805163 146352811 445898276 
223015050 95208491 1021787844 118979442 998716735 16137074 247557872 131412818 100799936 
941451574 844081606 1015780165 932352942 445747612 336851601 642505032 562862604 13323449 
808082829 361241182 302573702 500612143 141025066 856437179 1045118010 125901358 1063911790 
2061287 814706522 136522777 447959564 1037721572 231731268 396005584 82959190 156706179 
412142658 330517063 288118998 512942594 198226813 58458780 454980935 56837931 504206392 
791832536 699342963 1067068996 805155986 433683968 354568354 33987864 934296111 495593420 
890425043 905672298 621494779 880595009 907733585 362459477 1017117786 281951325 326439225 
175107231 677956909 409398415 331813410 16357743 739915478 619932408 529300337 938142291 
678391188 984281273 994980222 108855757 702371985 620581361 102182929 433786147 1054265330 
456751284 467774011 914819617 952344704 284457230 746750091 500097659 91310415 580741853 
862557136 34686378 862693178 115254537 209793609 466908264 524652953 541607019 483266007 
190826607 87797604 1012566345 55227075 766188792 923105794 1050207297 875044549 551735955 
597046835 977227479 985522103 577570341 360236939 379554290 418648134 238839819 664011521 
91656402 738937479 755321936 672398255 527752791 790008314 461349609 643007329 999801923 
928257873 93918458 467667119 337782057 284745065 555464723 276606578 339972140 247911691 
125970548 316437614 49214417 677706503 913484449 1026441896 589486782 417312966 312937011 
969041073 835961100 551776830 559310770 927617502 216972485 240890882 526273933 744725277 
1030899197 987623543 313990782 956959296 842139592 407909240 350884591 106179825 692654305 
906349314 382786403 1032626446 80519182 508756951 275322236 129733599 112721631 115064861 
82433671 702208413 532377827 395370682 597507662 294597103 947147512 83076608 148472782 
90378174 323967491 674746715 835103451 281124864 588628434 75352409 164342336 357026203 
483261649 515226928 463206028 102174130 347834418 845992432 61058752 428353600 281007559 
336380988 558087199 393729190 451445849 640520870 22195780 983823676 1035891552 619703442 
204678956 909297241 702780051 353151738 999675415 1026747542 1027898453 761037042 234130582 
542785064 836389451 398472918 899811267 245909276 913699846 289275471 348083406 187792441 
61526079 409142159 616146041 342533639 745523147 100491417 736262829 123227173 741012287 
758458609 33309025 703162016 304420228 237987981 538717433 1007200279 591139719 464651024 
960205997 545296349 151946242 120594755 14339589 988335693 519067673 914150856 160503145 
359025696 129684503 508586551 546818137 191210583 917728710 89222354 533744222 589510034 
189713771 196265227 712737207 930726059 954723837 746046232 560146251 185402241 984034214 
25121860 118860696 501432109 489772884 5324869 1046728458 641719126 125919624 1061068047 
556312995 644987297 901477079 716816140 1004012993 1031161583 151660867 477089306 148630342 
1069389578 566311661 682374564 585157788 756025432 878639791 224153171 613009667 759621804 
970199403 99414094 945024045 880491793 124535954 1063884741 308182079 614308838 1069209610 
281168713 182286140 121387410 268494937 738599135 766374708 96230192 381673451 696645877 
53649951 533334319 99993360 202280293 528982073 666305021 884654857 40398037 348588629 
689552825 264551208 961598297 375432805 161008787 1061012391 246715027 1041500581 111806522 
236857944 275940836 726115360 232325731 557109549 908401501 353713141 825604486 573258812 
46346025 921834679 954932264 742991903 975484630 414524759 842985263 104023100 943506832 
435548460 988677957 983904869 784137089 604488958 174714253 671993562 979921764 335723040 
659264130 152894967 303481797 771070652 389752911 579422633 423444188 622078642 62790359 
258103865 975791784 888394845 831362678 1022137809 736487700 712553118 691387888 638230507 
53336053 460631327 742253607 996842885 896179787 657189740 907005930 606575053 187936875 
7978359 204826791 94116815 343701399 864090921 247011782 647183197 561419749 636764693 
152864006 984863938 185101512 215654365 169225979 87151472 30307387 1000588657 35547457 
766795087 639399951 726935346 331283770 692736004 113824849 1073537377 615837065 1010004637 
656985294 449101171 542837866 844922169 457079530 747664657 939038984 800780930 538013755 
112308942 374222303 25691680 749073635 527086309 1010555618 934175147 742740675 106039774 
1021326619 773048062 32886607 1056874077 466101325 672286559 710067599 797385096 291280739 
823892448 797180649 907117805 760155261 380424119 282477152 229251303 151604464 739556683 
976915961 16901624 466595789 441187892 129210566 840818092 466879572 878284202 294162577 
403693367 738717525 1036903252 509733141 686302321 736209490 542619748 669434574 128568992 
141164483 305760349 925954088 432445223 55910973 649392913 265821204 816066235 1029817033 
548298356 1045317538 107679673 214113215 948491675 124581298 680709004 315937743 253791864 
447785272 782817316 58334242 741947850 112768859 797051768 705109278 622502000 409612265 
367576945 91379924 5305015 496145937 232544408 311065364 348358201 664989631 366976337 
997751114 930810835 109300748 953826323 405367367 80876463 1061505997 619480583 1029368138 
112345471 226447763 271564058 366137335 674233036 1054381374 424471578 342439062 93408409 
147781522 1047548340 715910409 557393787 341383461 807290333 562698802 837529398 1039834741 
873764166 112145775 631082548 166998679 36155066 488151559 276299428 989981389 893518927 
357175891 977745562 439257686 312802205 16349209 665705449 584366263 382486545 266196661 
565005813 806958123 608635723 658414222 954739645 582442240 300582807 438391608 923825701 
34131317 1001090410 687613276 224234 801112752 799759051 631306783 968111431 835914117 
45716518 170669035 752153683 939235445 527844926 656157421 304751307 840647132 672506631 
970456757 351271571 1054993176 162911594 916277385 788209475 771547318 500949783 669207296 
280247734 801532591 33857080 130331611 835663908 1034947490 817944887 835888142 762318418 
543962115 393453101 656688025 306134408 439169620 827357061 1058288091 304663241 281460163 
640703689 609414549 48365471 239468496 506129482 399637043 220719848 669041076 242172604 
1008929323 366846570 743122387 604394795 647094304 470913154 638251875 777425916 232835238 
599457541 521628979 1068723381 288034135 1065591094 388434658 944722160 297983679 827604278 
698337397 282529946 58525696 979797561 923233635 667940245 1028163032 88960307 100327903 
354058251 309680155 769368979 596230855 244867654 62473726 265611419 849262449 709568030 
736524573 413772500 413252122 969359812 1013230041 934881102 964341369 227522352 926730372 
279034203 98502689 150972227 32896658 796840086 433502174 91422354 702895823 282993985 
759362599 657317032 371954293 859690502 1011375283 681634448 555317657 533864315 926502103 
617791383 799475734 702022728 253617590 462258483 42053405 666869712 357876471 1055283446 
528008990 248476016 209063975 380997539 527510220 307566664 531969766 560406878 30664926 
965471940 651829232 733560750 174724102 337450007 317135958 546678395 123398685 254769417 
154571019 678716342 788633732 7331298 222765902 514367642 709354027 476383492 976626126 
751407432 69511380 260760773 732949054 597520371 509236790 942013029 978517910 1036747010 
175837869 436745852 523412064 206502796 328475969 101499472 940063546 503200071 438949479 
183457680 1049878466 562348164 438227097 130707661 167322682 153119006 138038960 390088584 
667486648 847392987 866472076 570370950 525058595 935983457 831131724 184265825 459762004 
266626690 52537031 364538090 229631876 228374900 801283942 753043940 434877696 56018087 
854543412 301199418 559218158 219751067 484657098 535354800 782099231 922884196 666062462 
949421913 2261378 804101422 265768674 669748026 577752585 58498926 166377153 29069356 
994482383 997508877 213335181 380502563 190393743 265872212 745040653 420025619 494247113 
472582772 99327735 929124809 528600859 953871147 156582404 14077194 99880390 641239502 
549431994 881979621 490381874 141752632 757659710 492643252 945854054 1023428384 88649455 
449864815 8185487 255026608 478934171 1002667870 178793661 692269353 309428610 369187404 
958141565 1054469263 789213023 378646854 453310211 888540758 234029840 981911071 768670081 
390612244 995988265 868550471 1031851746 471678435 676788268 448491797 613431068 360706154 
941135049 485543298 310392715 1029784504 935408114 318578202 211069288 340600461 247504248 
389862949 1032869814 556932858 759050353 917269556 537660298 474521552 222174586 990970509 
289320486 456204426 899139756 1057990567 846816670 821386197 852799214 804926593 219322809 
455845658 179676566 832753877 816551813 47069791 244555351 53202704 3112472 106221641 
371780906 214181760 446822103 619285154 604044710 405950093 102476189 289353239 249477825 
640136487 763874792 471652412 557365172 1053195278 927856838 382763105 1037444022 700931685 
130407478 816501412 432116454 349730287 198605247 611793020 108742340 1015157060 658862811 
353297692 1068359764 661975283 459519333 366398846 876157044 906341436 985684000 406459930 
238549706 14418365 695813169 488027531 654554852 385946137 959679943 138178201 365399592 
813794958 520941306 329101790 440984819 651348784 71861378 873101273 1001079072 270466625 
411152469 36079588 211881861 1070015280 389377280 206499801 658248740 848896614 572898647 
460663960 681496226 484840824 867123890 920045932 499259189 489195235 334331640 80072218 
875141373 220269759 218250419 166799141 1034064717 739191725 495900931 401307712 316798685 
567762309 200667161 244135933 838228935 611819630 280215522 1050110796 608093087 669592802 
182868774 192600003 444747592 755767421 653263963 52501995 166866421 446646029 972547927 
666125611 935841264 233137743 746197829 737240813 453407503 964448248 904039954 413730396 
629898149 326199061 815038109 946696834 893961371 1015705270 117090944 658448482 553783077 
397306466 634817454 88134340 1066899268 817686228 280734343 437905037 499711826 933998306 
490407032 666578247 306902511 389213135 258962034 169001951 622350879 1005159863 906242765 
2016558 895866287 736540895 415746954 452022612 1062739957 157043239 324977623 882959504 
99006686 442068567 467666162 652789763 839375033 28741792 740924103 832532477 846428021 
1021658446 196695690 272398023 881914928 687102722 938976270 115075615 2574034 124196481 
284077566 624924913 55614520 116578507 626941471 951480808 853119403 1042688425 329761596 
842117536 125989841 654739219 651335216 224996527 23065962 45259554 877786290 862440995 
74001346 544968569 621231649 920429367 492885191 817927339 119085566 301058295 431288238 
1058061837 416133910 433862272 108516494 700211476 1058787185 164131014 816789984 611986832 
41869998 596167563 580933433 371631595 364543275 706923274 1026370814 1015878491 931919801 
1049436777 1061138045 735964267 838135948 61397567 207191012 385625773 981826935 700076203 
129811289 27170677 1001134498 561099527 11490690 343526584 994961799 120007184 1043738061 
980007160 284138199 786786221 518252168 326008197 309211960 25443777 697639792 673755235 
732367052 650268783 615891902 590545029 625963736 603288123 252767473 390357860 664685690 
459958485 775983634 572770801 86292865 905794923 599941479 13685539 393152626 611432169 
357212124 314372601 731439354 327208361 220637937 1015577553 40252758 738890105 267843926 
349464718 764333882 965483719 1023219953 422959110 542010678 565370031 1013504140 94232590 
94916330 192529789 484590450 759602020 652488274 186832260 258630998 738781139 18885359 
858572477 752466679 412037985 396262822 35936979 726410586 53960352 363145340 947048523 
1069537905 403398098 612196804 263640008 752862816 302788863 155381903 702340945 725747973 
697392581 193969152 665510289 791625171 288885482 858040078 202473797 1048487502 436786529 
389306058 233376676 101825844 408191417 18207329 854292523 820229403 414470152 890229502 
472898165 468430504 179633018 346204865 464226586 583031116 958401669 727866594 262152108 
187448708 883248497 964493053 913196682 506899254 84720381 504965147 224782601 373605863 
289263402 427256398 348351542 726049931 816562456 581728218 827875775 151012050 599935548 
608426475 971241453 1014405700 424914153 370397794 409094380 604547172 716602659 873320966 
113836464 601262505 527445736 375988573 788711213 336952409 266739802 628166071 843851663 
351460184 59389395 1068634264 725066047 348652797 422148839 1073417589 960904 164969471 
581403984 828836679 315981521 107597708 363521330 213481150 48261584 788435484 583878945 
457355964 319240832 226739780 256935107 433077296 828002285 784380843 809065869 542971675 
47591429 2063848 97395922 891443092 353524032 156785317 886335533 4848255 505438114 
234742548 4524021 506399018 399712019 585928005 261493874 715693541 693525713 625015204 
929174691 741787297 339708864 439311812 125401437 658949696 666051593 382336544 18285169 
420312054 92975564 827351038 963283729 140566993 829414886 1060679652 1032010085 109197094 
143723145 844603794 114045350 649161260 5604518 118569371 81818454 405316538 704497376 
343312328 47268255 324281265 968327533 976442946 1066068562 234294573 342012935 117728175 
893244270 1008064528 500064720 911529439 354634758 593040284 665138653 244176664 733607277 
420811716 231114492 691875538 530008810 374837637 462737509 644054160 1023998897 468342027 
762623531 32075528 873658565 393379083 375387856 920926820 717660348 269973565 823627943 
709987086 504268139 91899054 827715262 323770585 26221758 254038158 161558200 380856516 
847078442 826696853 625033180 506943895 173766745 856147672 125077609 703775556 157243486 
587815118 274087892 107500559 1056157146 1036711424 139576087 856073887 356348683 514963944 
703258884 267208 784937509 453145003 710254294 215463824 545044057 464227732 539234409 
571265815 718265890 700792609 952122331 491602508 453747639 503413688 998546403 627514384 
285819536 49882189 257548116 443063022 637697307 531636009 550563582 620112629 494605609 
690139669 402444693 850954292 131361789 31961753 851221500 916299299 485106756 487733971 
58021299 1030150813 951961703 597255709 527674804 596485770 224306494 406055311 14346454 
678054133 909468999 1012892858 231826694 121546712 1062775047 489374810 564609734 626730530 
1021010819 41431492 173101336 441874604 731571162 575546029 219087073 862932951 607507782 
1070308573 705490426 18872714 484300720 763511726 1049023527 362520600 287025611 502956507 
959006370 511332105 909011818 973352824 115644415 744738994 912503858 347471109 866285706 
901537081 836845919 357153616 454525788 784114915 398585109 627627124 152247695 56414447 
129431329 371334768 919347398 736939111 367901518 551096001 755811825 852202238 240865903 
731093528 140981014 527891514 160308211 26245560 1039223619 1069320029 999598385 81126210 
740317199 838360419 428597319 532861081 666155677 191701415 890014698 46939641 975816330 
214857983 674566765 54322201 271272430 803998094 425656970 116878004 467195381 793558488 
667974005 149265382 572018902 908839908 880358910 712999917 362989598 1040667121 739245477 
328471394 1036245326 665102038 409597604 702820702 429720634 838194924 161939959 22134487 
1029896339 1051954657 69074128 931970845 193070816 743640893 986293046 464343246 473897163 
338208192 581221251 941092544 58024856 175453432 16616102 630043759 10551517 896975012 
269301852 373541115 863900309 1008547329 702012509 826403811 599907544 37868290 455482689 
1029628178 876063214 617422649 1051762665 832217729 595635482 47094969 690446750 788706299 
790735862 602997972 179307721 190891201 941206165 760528972 58241921 999231021 935982405 
74858023 555532956 946533922 971833035 824834808 246333213 761991520 759640314 948345723 
514653507 285806034 986214013 970136197 241692388 788535403 513817022 219713229 547011308 
35710680 266808198 163716234 824416979 1057544060 766714206 1003724701 174693437 634178547 
690511849 232935358 559667745 552752430 307793381 41458877 425544528 205884592 866293686 
671877742 967876112 552192176 546481641 408787795 837998210 458953830 305182168 5948774 
173747409 818999190 225662003 720758717 854709871 492470201 884474951 605385026 476272437 
577447333 535367903 650965874 137884057 152137929 883901232 697551802 704890359 117952789 
739010679 56693064 323837381 531562541 728570806 217971669 10012893 201310623 626759464 
848011103 660264453 931941633 853959877 834011862 677198999 5880056 481028755 458167046 
498350257 291761882 1063552073 974622694 869209215 525178152 551846744 1007093272 677316081 
362006152 630903250 308464617 479958941 296172106 365157681 803796322 827734647 19986663 
1021767991 837747541 221297286 574785632 612016820 881561739 432985441 392234874 641831777 
36442616 398114930 49118708 494609663 896465188 340880590 484419912 797346058 136347981 
1009598064 275450979 69699430 613172322 637457131 700602680 921636939 43674249 996774786 
213052796 847470571 750767610 233039459 795496739 514773327 454336745 296540547 53048323 
262156660 729525988 445283197 903988437 765968604 843398128 953107145 186836443 666121492 
220245911 671256355 389725726 356593892 607112596 665176705 426293322 146543094 228892013 
53154179 1068180033 272566262 1049928965 207491005 46295009 726954751 440530464 841791748 
167986254 894867209 64590471 221034578 83282045 794116459 666317775 987270482 486343240 
435974079 866635803 673179683 28353747 13139890 270694215 418079474 369733782 877806811 
9514355 796027105 1024349905 238406368 849181284 1018788114 510972630 825368425 152537295 
557267640 478581353 593067759 325317564 646567607 414193144 389908036 867602185 497475189 
110282671 460178137 411003847 596625911 896152216 203897826 196063771 924505964 217037716 
466757986 268843614 586771498 270822973 278357969 309056779 221431054 516764338 84496239 
166477344 1027736968 909864665 319014639 511262784 314704194 912082398 836580349 961271801 
252533718 152746561 755132163 750008907 263029232 141568476 87270930 859655144 1037720692 
291168756 1055718915 888484832 508206472 448735077 83586622 21236146 719558050 361944592 
330292926 940989104 878708930 414789165 33724624 832704074 250912006 352739263 270225035 
565616200 191079837 33063560 453146178 443613555 185810121 134536517 119880638 448839353 
276104993 207151568 234752673 240083861 498320324 216729764 54826870 1006526796 665464841 
138413492 1027762942 311281067 500358084 284314044 178528347 305325190 699103210 212252971 
64287441 950015216 564992234 334512476 441889593 756072071 367576036 895035771 125943802 
553386157 1029572288 245824440 1002225510 231935457 452976008 163236360 472019318 951296332 
379966124 526846188 884081304 1045430966 665259681 838102423 282970209 91875941 48674643 
461498557 397201132 747777853 673751528 461488573 624051246 165001939 796001049 1065940839 
921074010 89835261 887234786 1047017813 643221418 843065250 219100429 571705104 1258883 
672076438 734941464 473278201 549630946 41165765 1000124390 359970427 12854907 591642247 
124331026 295825116 683518188 173005669 757323673 6977496 920783523 357333378 468466069 
471092945 522335317 190725294 463291960 369667503 280560555 276784922 342943492 923781973 
46108348 562043922 421745254 47367231 160378536 82944894 520645432 710009482 124110659 
447027998 1069979909 136965566 1038670245 120569111 432790683 648446610 293574781 116372532 
655424106 140616480 473705910 50148352 611709425 996041227 240873646 1259561 291966907 
521434202 278044483 634910399 371474351 324152831 123212497 793219605 371520062 283591033 
876164500 892165494 993600516 1000275159 265451669 989838601 63498902 230380090 36665889 
496289585 878826700 330240670 612662117 460508983 470857150 12626204 510657335 8824751 
1008667431 751530981 10084312 226892514 199223359 288128795 861802914 570697711 612281626 
985015411 290175492 983801688 194864621 92598168 802225358 114723313 19131504 1067677027 
30820090 82630406 224315294 67485979 578919991 29400170 397726649 117840284 489909153 
868583799 130466488 1000566488 877408550 65392096 678355646 887492862 292284610 877579005 
101879833 80345700 374534892 714161459 1065361112 664710385 624221323 186483909 757308553 
352704858 301207222 776440057 346640061 332027312 859070463 570955355 399513292 364248630 
600355526 797239941 482088915 16522855 592081917 612555403 1017089344 395748643 677947499 
621703166 209499682 970232110 425540347 311379515 1050577810 800075240 1025540975 1042197098 
391043801 576020474 154939183 74610530 928725332 456146405 851050588 201623570 788173718 
636379227 772578925 113945186 1000627858 299192627 911185127 408974949 315715483 429525220 
1021530352 259063003 825273864 625736028 880766169 1034773546 522226314 232564692 272411237 
499062300 1032639932 224210388 467517575 349941909 800230863 622456758 424552440 655214371 
4861340 201861204 856837941 793035058 838240431 555675043 906980244 765126465 854867670 
744423547 100359590 96841329 100206944 48148119 355904332 925480808 673884147 162928677 
886512530 122368637 395493370 85181943 621430937 354391478 309392332 15206688 704333388 
35881371 637663447 55144004 691095742 642524787 257005208 474191860 361818021 21503815 
1029866903 195056441 786630281 810992749 939479988 886989871 907834079 1039686932 935137990 
189996587 891425916 535280313 352925265 704196622 657648950 748418635 789378566 205338064 
29068289 25029074 220544752 733401677 60910445 858208199 788545681 752006187 426991162 
1045550889 152456223 788809183 1067054705 108581302 983865624 779943162 919574052 849603789 
593191209 753666307 815548897 454587376 943662894 633232990 989867689 222846335 263687788 
573774816 971264970 1053066354 779112880 1000333260 4353604 999657632 659993113 65264049 
784124008 374796971 817270237 137373346 346606036 969726460 926182530 339918917 4565939 
836306330 46120255 924139991 612168295 639311465 604064474 353975369 20157017 473985544 
987208359 1010024706 696831880 177154323 510057698 594355026 156478854 215428754 520946462 
160832458 141344563 107197752 226096508 925468571 481994723 1043366745 1062841917 828600759 
939351381 915282623 94777853 943917320 677847130 140898108 794315487 216273601 780209573 
324638137 570248970 800366590 798623682 483715505 736649473 421713738 660869829 172965347 
1016068764 817348683 388394102 463273403 978181141 529738665 570471155 130535825 381465412 
1052465878 100160746 370565505 807324813 1039512128 212106305 902102666 909687624 889953435 
1043000775 630261288 32485212 749468524 954899425 602734183 476093291 679781283 12707864 
139000940 27753197 673577693 311966287 1043821962 417184552 700360389 433353541 321623870 
156357230 1003824696 452159695 537822642 982548750 552320442 908388148 716131739 518090746 
46752629 544492582 354036546 936706064 513751533 984297834 969191276 189478233 865455436 
498183635 665571524 471494895 510891500 804572464 499248093 110727369 42796928 469328231 
527911922 743157317 902681772 849535792 899514548 832764644 227953663 363595366 741571570 
780274105 198241690 383961485 224623027 244994319 928454067 578659574 107958559 368463776 
489215584 3408012 557942010 280929196 501591647 149771710 752424092 1012483147 954344175 
177930361 49468693 997141103 647258592 577380615 666556596 476198540 353174583 492329320 
235221360 581128246 855924687 976792930 287660528 1054166377 287012591 512283555 225418873 
141724835 17201305 333377432 510188611 506416890 336785444 1068130621 787346086 838377092 
144160508 466028354 777118415 24762859 643958715 826587108 1021903962 217475483 330225899 
614718734 693674023 683400482 33306231 928895383 190786905 889230918 831946489 478447433 
869655471 45217257 990730988 21332520 186942092 1007932294 354709953 697130703 440607360 
691495397 691519501 154211622 456130665 835680009 620239977 159507257 860442868 190456868 
986094365 808605006 407932352 242578441 349581916 27864551 925978923 382888147 956759935 
43024004 198377241 714964600 521471437 1068032713 760181857 438460602 15623409 947123949 
372651072 370333362 570512829 813258432 1061828760 188290506 967470054 444217601 1023970515 
513968207 603724858 810671559 704425076 516077400 545534741 38615604 758655841 895116657 
66480155 610892940 204262981 1023240090 653916945 402640222 664462867 101646558 396931111 
350902900 540107160 412554521 224285026 912758232 782887883 794797855 652274840 770974819 
983088361 546003071 141450597 933317052 1059971278 745175455 670246787 690654530 187511031 
142039704 729270134 946166872 1037156361 795750290 483317989 167677518 745248556 63493110 
570317741 335969599 165139668 967248852 686872500 705246829 306061549 911157526 544263237 
15207609 632213557 122796254 786182428 541560094 668799325 927633025 401135322 655028779 
599066657 1071382109 271941486 786577688 139679989 1001211620 659002737 103094526 723220086 
68578902 270772045 394726819 132072012 841089786 730696418 297211680 734596814 343827094 
1002458509 1040658364 181242796 472979923 1055865973 813456353 595776177 768306577 281274623 
190833678 622197779 682409945 845862457 147522612 680050230 44062119 934100300 819730219 
1045273740 519361213 922824746 694752002 587940115 119854967 15736997 720012127 960944753 
746433416 1017223808 621799743 16518686 945940493 588716283 197761483 345178592 570840432 
1011217836 940954769 265405186 218750636 58046623 887602965 901160581 903909081 1035125577 
507468988 947971200 895484053 253457383 919503116 341103443 102540305 540513295 929043558 
222395272 556250292 575313862 109598201 228941884 518795846 731397945 245460571 390994515 
246372404 443222054 736173108 817212837 380698066 603386053 8876199 599448702 661432677 
896479164 426867460 491599934 857862917 934336448 365829310 679605146 114052007 211590603 
1020708589 216592313 752103898 876010324 438987585 234612366 377582362 548585787 463554251 
896378208 206241908 709014822 213630899 452614312 78495052 949804007 196085325 459193118 
479448237 204961524 1058641821 67139090 27698864 411767457 558739024 885561781 272362081 
924568334 491425104 386414088 62417113 438391869 603006401 814521011 240660369 1041993987 
1049133378 618242731 516837950 438945805 440879115 723079858 74218803 654510015 101952346 
152713855 530572198 298037672 611906973 1010020435 502999196 596806970 3417701 530698061 
1008574427 562156725 342518018 207194684 412983236 833943122 593608773 475400349 198593168 
122873350 216179537 439253537 91125513 191571091 1057496269 607963463 630516896 424633560 
257301497 704735699 5401751 359253844 857449554 535973950 657291516 395614703 472252561 
86548888 992421674 475670263 617246949 927254277 1037826988 959764968 60707138 377068400 
719966266 654315911 852468750 918559434 777189261 1068648287 284071148 868314775 186477554 
267825593 402536414 816994450 692459153 659837912 447988325 697860905 1019091756 231696055 
160093031 602641448 627310758 632345592 689190336 545990608 34274031 232695462 399503062 
1072101020 118718606 460210200 375427596 838684872 40784287 154154522 683502483 817973548 
149060985 967573631 612546499 335538539 161657400 1015082914 78791165 854116553 601179002 
526779490 478235634 546528934 758475545 638328665 75428558 312044480 196932434 764618894 
858035088 231206465 997314356 183796326 229565661 42291138 644006526 604993258 880976011 
684790813 759147780 490736670 429022538 908208766 384568477 1041569037 170005481 546225877 
982910127 248796647 326600606 510347305 775576137 804836241 1056876239 460309859 369423082 
58562973 772354339 566355516 823181868 556647603 797561982 746754400 740443930 1027127643 
789045539 310708632 558379077 596279726 995499446 243785034 13274572 350780160 78251976 
397843049 318607373 248257457 944068926 227775677 497054104 196927708 738122982 198888418 
1001763949 721257398 659198277 297445208 779820371 357810792 863800724 529260415 914458395 
587620882 202272992 581160501 541006702 991318531 891869134 25643955 513856433 813626756 
269428989 527131005 90665092 347680965 924974054 409272465 595938423 795301156 637048142 
19250703 992228864 301429301 218139121 920250990 1022686699 877337398 143954374 728765246 
161406366 1007755098 184283838 2122938 521634157 386556830 583283439 1062640859 304133537 
401410749 14542990 817989970 141295681 283971980 271379151 231960773 631652945 122611381 
641233239 153849544 917912537 204539557 173100248 836399577 505968858 391239369 682908743 
454913733 194834944 826863117 109937156 356241310 760876392 294220994 358364248 208768725 
680777824 941647688 197667760 984911361 269316613 212210750 729159507 410612295 496182730 
1000538658 642573068 54093852 49408215 210064483 207943396 967320752 414604041 381043644 
729978505 920572899 772283014 339145425 301744809 967117958 92266718 411681965 249617444 
853143110 705902959 607981693 1061911835 312938959 475887557 185837771 224108496 745204170 
398048522 953268003 82074641 894231252 880064837 724647710 948325104 929473052 934712193 
82526677 823051980 275574410 463570321 479288661 122405486 162111511 818434086 424150295 
55487645 910700805 835832260 305105090 690102091 467993395 913086783 678272103 780932354 
315232516 864109874 1005040850 1060436686 188416572 884567029 68769504 8906001 690890042 
793417214 957231105 546621270 654387583 1039757782 295931426 929961994 429586280 775220087 
1052367480 591697791 519912350 402775951 647185437 356871331 164866387 952290527 1046973422 
632859782 791635486 651503701 340050312 33126178 441871752 271349338 19821040 630288324 
82174543 88590544 639194325 773064585 882007758 522683607 245944031 462653518 488699565 
541875457 318873688 918285845 243353720 297499344 436241813 763266070 700275295 9685426 
46395577 865141682 961975953 19627176 424259640 679869615 671130877 764309952 712995793 
39260805 1035659290 732816833 669549130 44092009 821407378 235001631 817156594 629673312 
757685238 1063100625 18585006 172642980 531234258 337458694 17187001 774587978 634958038 
453428814 464112225 261491509 463114240 510507802 52891367 351348369 530134978 477151007 
1031217984 127524032 167719135 670471953 166784837 129636601 329546963 836333967 173728610 
77212517 1071335599 990885204 706885829 755279013 980244005 725470836 927921993 437736439 
1062929530 945108995 138582594 624145745 324795985 602694819 885637254 787910226 39460797 
938528622 65516771 569595776 341937805 22992932 697119808 509656941 693464885 863904645 
639293542 1023011848 626496789 813022153 26482541 624090564 730165533 733368371 305627753 
636667715 385097383 159807923 662330 374285089 31175094 139244924 998430834 355971079 
741939743 810326265 70139481 781400541 675113063 135656253 277254493 1017050868 158649185 
974374301 452965985 852114070 764537122 18517704 801384095 317292087 831539857 827866636 
941382651 487963566 487493183 173268581 50889457 872590566 333076504 51551788 173133832 
364251598 190796712 97822842 720222677 932736456 908149107 790362159 640395173 509520346 
926018412 917649666 452829391 10925773 818282143 905795376 863039843 509077441 924313080 
590682114 826369529 682111113 344806927 694010356 96332856 832300110 867278937 147222313 
631148853 126613617 198774101 804282685 490865215 389570814 902105527 137346069 248565446 
736512811 927708228 888960619 172291333 779984816 732868461 625120724 790910589 477408780 
457174277 580208608 986486221 307745533 97148899 739113926 989856647 441955826 359382459 
12447679 200514112 152919572 159669992 831662965 279533190 358444094 562203826 770398405 
748014908 390567530 907744474 996580354 53338517 761710878 811799149 225629850 467953870 
470925786 850750575 185122635 948334566 234183028 765331244 861078963 541928561 862480143 
526451066 458043384 230694145 885833525 470491063 431208257 1038753097 630161056 189129399 
244544463 988605150 751333225 1014942869 662878234 68158931 848945519 585716764 121497448 
536914574 323774089 347127299 1004868444 794699875 124136050 116249256 669292617 358319078 
881580500 456629756 900247639 670318819 983080822 284549200 901012964 795172523 755040263 
258479397 760183797 311459495 447608796 1004728260 226322821 125200198 945929305 889201055 
193359129 721133001 401175995 314856578 184305751 724950084 661983877 115432371 445908135 
786119927 231681627 41458928 70697181 39520303 498088685 970944820 709839122 407427683 
181752196 537110262 128858383 936792460 795589660 889042180 174510131 169456632 820028616 
400832953 294656830 692216098 216292184 488015960 339607275 617468180 802872538 523913026 
268676440 391114591 639345397 714584576 103492694 871027025 756043504 174189875 910547328 
180390365 71392871 546644627 587818049 253145068 10013065 716676432 116195704 805602725 
531976788 290705835 975059358 278263580 691538788 195974364 970479678 907830973 683990324 
236345129 451557329 413121038 760258155 720233769 804235629 325861729 361076521 907728323 
123146930 43378202 8176374 1033694258 223768567 79569246 506597061 811586616 332714314 
516610127 454521224 448910018 248471028 986498012 739615853 149788562 191019769 357412818 
345762927 87757623 191501967 1029753251 324102753 643059296 369132466 10619084 289551241 
99626271 336480813 650627763 1007354595 459627743 694005965 1015530969 419580178 917774532 
21358391 926177239 655619325 354072705 369045542 36398725 802982723 617516571 1022896738 
468856753 767305133 140174683 826269571 39326236 227932306 1017771538 1069079488 552035059 
587089010 364470130 562654144 876640251 464096401 899134957 453526190 397709172 285020877 
73790331 339498318 704601055 991564864 360856709 557036470 573442365 714929415 926082013 
609841090 444170314 469856760 558996004 913027067 163420069 699170687 665554814 202746306 
927102994 609584528 198083970 405396229 122931714 562554100 968050373 999571966 1026650501 
793443507 379356332 350617850 4722560 453146664 690116168 709323615 370969704 1050972877 
192618261 944412069 692160468 44958450 480511335 62588959 514815210 1039507340 975616026 
678235280 664936203 567429017 880981586 518297373 103271721 5323732 923693603 226203436 
567877832 818002152 152033578 520786509 537703835 531389910 871404359 542426395 984536574 
487778703 178008186 281764454 465009757 370626448 152434699 83428401 415584898 632946035 
146017360 930400109 598711551 47891563 534893565 189905930 615320580 342133327 708203304 
718592301 347457059 558155083 944795737 915334891 302415411 23087491 362379576 840119247 
554477402 160042112 308803818 465272152 647820815 486812005 747036607 39088748 857438453 
899471306 122517150 199281527 458675517 268534510 55939812 1057387068 316426073 590833377 
173551175 931746653 932966704 881754479 576597131 206681939 366167738 447651044 48275006 
668583149 470738536 410654583 434960572 1025215938 570696695 743764391 416746266 144775686 
156834572 90041049 183864435 1014273025 989512356 306381585 139812728 374446049 574916095 
195752541 358091294 891342169 786585918 531642469 749346998 645810799 339655124 252202305 
852492738 705822862 699853350 900767745 300664187 96850062 237680504 735624760 48324176 
808377199 405647327 465070442 953152885 562481899 555111492 63275496 503013100 470882024 
369657081 642825828 845328073 944573177 838578369 129677543 762173522 551422464 661320012 
437778696 123491439 1000975136 689981002 975984177 633056174 316092528 803010098 933720362 
412942590 1040690602 595603298 461266766 775325977 1001250625 926337208 654737039 489990700 
407706876 718012535 993003800 878588900 13927793 562087804 650175150 958500970 326924350 
779852693 646932668 878346814 367430882 10969540 1001838253 294664194 700950542 904080606 
927720369 1017043070 633348881 787698907 356243836 600297659 309560381 817510602 301881813 
237069182 670105987 956618852 727059882 4071039 600889563 646321858 882659940 614817356 
134667838 459093266 499576502 461592188 165204135 72767346 266197178 532635017 83736887 
194293607 827299212 784687429 24632390 681277757 727988676 657981271 395234840 10490688 
184537106 704795221 828001291 486418919 941864403 424365454 369295947 595182461 428436493 
970185511 167762495 237354609 511261043 302430333 696447875 1010837546 764022522 861652011 
9863068 1030219700 320545204 93599955 150771484 74102592 878287385 175403874 755380349 
532534237 833385145 76873365 543024925 1017922251 781668586 297284392 430599347 649791165 
721649846 799895294 171231802 76344516 696338981 338994297 313699125 133858201 641424631 
1010147001 70953923 331705329 798057188 80816991 288183205 44860568 174416947 438954689 
118963161 1052704332 614358563 874343510 511496745 374001884 951216876 1054521670 318182312 
659143638 278064239 748781659 235192980 999714085 474935129 406424782 2316777 97532287 
745419080 316015903 231390488 313101887 252421080 302344411 644807216 1050478268 383161402 
932990421 21597012 557578349 298203287 140560173 536540857 912561850 1014903684 1048037602 
212821911 892378736 1028817449 531004223 477780550 233139864 206044058 712973530 159112125 
680979187 45656489 161428903 778511474 791075569 477444806 1009901962 30435632 729865886 
238504549 675242848 706602330 621665952 534491445 728199342 105502477 832694732 868759516 
642043335 671514759 809921376 616339113 884336670 628558288 571414738 341599069 32597014 
804554602 547643127 745570545 963666728 154880490 791227034 51353807 933391965 508560779 
528798613 869552103 538996411 184922675 34314829 140497435 891525005 655980781 674988880 
545982523 761483258 433941789 341000215 329784769 31714724 77179767 946123883 916051394 
705738055 443796797 183908639 738335070 174609576 731551766 410163791 64534480 886432256 
127649001 115888287 746082397 636209780 644686900 541892677 101464367 829609575 576207506 
241961802 647392756 158446463 916950682 119633455 919929721 277150647 460633671 175972667 
308865371 537813438 48354726 151174941 169809670 492151523 335083580 908144740 666761099 
1066635346 244566707 731295579 879325779 372215708 847183866 551666352 1008425488 418128942 
19817205 36148031 173996693 596024711 278109833 821389449 754471174 121318691 941022905 
600659072 398469339 327914752 776631739 707334710 865728190 824986465 858509652 1035537860 
243396164 119851408 869940776 910157264 112744931 40765659 567711019 992070710 412981367 
341153062 469995238 347665031 759282004 489812444 383813062 933278698 12095331 661922895 
680926323 766566506 783241587 548207404 293483754 107969102 876122156 1070115493 815303812 
668108523 821360134 600071640 629904559 1064756298 719923049 426103512 901171738 832667980 
466869171 395140934 750996866 879850539 736293996 147250280 153773746 421834176 637062724 
537586809 281371050 649158056 125767880 962297374 341982738 909009467 436762954 635466492 
1016978569 239143287 631840161 758540558 907251810 379458471 284870374 463414545 370472945 
1004793423 889518057 197902860 763719579 282645405 593043794 440974621 88754120 255595966 
588224902 242527866 677430142 151545802 780114675 958801193 800703858 905882556 847356743 
68944772 741150199 210377873 704411264 684386945 449521160 262509601 369185679 283031146 
641968072 654056053 746445692 1012441018 585107653 562221925 136602054 275085408 844867330 
729645848 716060030 933621450 985241814 230543108 102407493 588930132 382088910 882522168 
473989501 109050945 714662900 247604420 177995717 382071276 457982294 882406982 1066458221 
907503454 71174759 361902076 116792777 713142832 1015958129 863238469 651842026 527323958 
351718570 788444080 802409367 122844077 444348104 444727573 1056465527 355848094 675270681 
85131196 944778226 1057359591 967653365 345025904 92668712 608574441 592630324 270664430 
990645717 1050612618 79329588 983362114 884374249 150504347 271522366 1001167026 863647179 
213738672 790663671 441747381 741062630 68640417 156449637 469730173 191484494 600797741 
914457746 174208198 956645835 515986603 259339394 827682238 499604371 153250935 98966318 
592273083 761825377 691596642 862937513 678729270 668467437 942267101 588349561 479099862 
19029625 859871927 406525064 882676804 1073610599 123446911 250682362 740931406 192087328 
407131999 136919755 383571823 1007929741 1051377502 557780021 890833752 493622281 817119415 
644774166 993226652 970370351 743740484 511757912 658453904 361595303 300953601 263441350 
1030062740 169478879 851790911 435420778 188508504 637921015 841945842 1071185308 637789790 
965392753 248125846 304979372 83738257 655257846 441899128 467310080 589445763 419534806 
1025090101 406537691 913157087 768467693 1051311858 832641916 665096220 721310518 270658004 
249808300 9163997 571611605 513249650 1039226737 741090484 291298738 400905691 929598988 
929219753 169109709 927042473 493267719 60760638 101426495 798247092 144498896 756684341 
166404396 611808976 272388280 585939202 563157254 678925972 425354465 257883123 656496006 
184254557 922979343 304064700 454912561 99045819 313228698 1026524167 612295469 278713611 
693872827 903594207 679619303 549729992 759072136 848729012 403030641 178598032 909489651 
504457136 976845124 1053988547 187399654 69507696 592055699 459787934 655446898 81471129 
64972082 7059539 339354252 721468088 191314097 188591771 1025532789 646226658 287637590 
265019663 599009001 899933060 543733274 219140005 729785443 149610753 768869997 415115756 
998339766 98158814 593713788 834087593 602615950 496817088 814334316 790015604 566324784 
332648191 176061715 148029858 414119321 241033797 155089397 753473573 962501886 346403494 
942065345 914292851 992630153 155961111 105570690 517897330 1055894171 649303964 737037335 
711937791 798914718 432165508 53311723 723512660 530324322 647025511 483858429 59198449 
70100775 224450921 849214053 636425559 557099112 1025275768 784455417 971218433 192567742 
939544814 650950183 81327804 212206485 519273704 995620655 131094814 675234815 27449521 
648992144 657387163 676753485 312287656 295583130 401926379 744453164 348894853 51697215 
201035663 995920364 535555644 260234112 1066021139 760006565 35706341 628704874 243363854 
1060982110 339418467 140840463 179808028 205221457 791790646 261135832 417427942 237322526 
183014663 548522756 912557342 210464184 123773077 496202681 887217669 436060733 791785811 
215402225 106772073 66938840 267099440 307807736 1062859204 802655085 568041848 1055138519 
488919826 603748190 610101569 732283680 590988476 949520036 873124144 770796504 80999669 
591172966 1031932336 498427612 828495493 141205175 1046950368 667311011 351669359 96981621 
89771868 165145204 533042354 881557679 380547429 639814428 948496519 647646870 947622164 
937613899 376560131 441922189 919010594 865479957 1045670379 455370339 524021814 562917031 
331148551 323404134 259971711 412148220 914577100 218162223 910575832 669330769 359367398 
883784377 262899956 711036757 980765998 352671824 876181961 440066529 160487679 182987567 
6139133 35242374 830634437 953761297 972856273 133452744 321941662 818125043 998932701 
293870217 199753558 449212691 856787248 530902109 772616825 43017135 943050330 613452102 
261179358 779884338 209041047 620546756 589926891 471941004 257841689 496951066 824612828 
60281827 937017595 985100508 243269394 943156728 1020342882 162007 823176201 919457332 
133614751 71376040 663840551 58805628 365246257 863594110 508018320 148291682 320754395 
206893321 191308817 190062901 820345423 452488176 969947240 1029386471 1073034932 486132307 
427585651 257134798 983083373 178456655 317416625 846359144 89815339 560686019 715774048 
36416398 560848026 465208426 955873730 694462777 536584466 545972457 753268405 901830723 
335824743 187544901 1050122405 656579139 394438223 167689399 846642040 141041822 620177575 
742847456 96686469 619470683 155237940 524272120 876605481 64579489 702728776 120280282 
910938634 792544115 680966301 552970858 828960513 168072503 1018179284 711092419 862535280 
481021926 183323053 542061862 309110826 519147796 729606763 285491407 101985111 50303162 
453180806 948627152 191344985 1073358381 617732784 288031454 619087241 772970724 812303575 
421950898 837550214 441290527 542231181 674747024 160092818 149455658 153976058 989053332 
317528162 98413519 626403927 106321618 579435445 809726980 648383480 888546271 255132953 
304248420 100295855 357118064 354551582 553476661 232003392 545896567 553093219 849736177 
833928022 98438636 548965077 572489773 520389534 312773467 1013780300 1062620715 987520491 
100131294 138334550 67754726 15442802 455862712 166168245 641846730 562184330 745603690 
377831886 136825987 560408138 632964839 441074407 660703993 990082904 795625989 140438830 
148344472 267780733 693532049 998080649 27966931 791970685 473303903 600456704 238618396 
786077370 540495180 227497287 699856038 640626474 365831837 767610764 656069277 821694549 
933779009 224174183 310137056 605640875 602006069 446963043 92307189 161229085 888037450 
753011182 77570165 609921615 893450013 225914637 877702348 513240238 150253463 905669279 
231469100 623557366 432384159 470087496 335892912 972879339 697584783 1035748950 539763990 
1063416621 729617890 122091443 811369346 589655075 346265626 47764578 121554127 948271695 
494727621 213861316 35758956 309023247 966872499 113329121 918944863 786580688 339243759 
722905387 226079102 489497222 554832843 457548202 39312764 987217002 927635698 375205676 
886354518 551478658 337212803 352376684 541153455 1066830693 474468127 278780977 582743945 
820733753 326545556 704298072 695263624 821273177 918159388 731022581 56554601 811290063 
844351702 975499464 524128927 109853637 624663027 750208030 599350859 105754046 134014408 
638663623 19229225 1061650107 1013869300 905583743 539386941 277340279 184218603 6798572 
270429148 658686730 285579549 853173093 405678659 612125105 483729341 27200459 359656459 
328146906 758223040 416211060 65695145 528832919 317968700 589824073 638686556 942631727 
266290279 164295592 1048385774 400304687 802959215 1067614999 388212970 743086691 899456918 
927599911 1020426970 9933697 934398483 217114295 668620427 146236209 1070287388 557262 
758361314 480274906 27757721 44275949 808421812 785980762 460487009 874116957 241071857 
778455709 390199206 879758413 647345613 656489485 1044054005 621989563 1056794173 773271397 
615862738 371265319 442616264 441577832 225123407 389301411 451511529 85780066 606415706 
46390132 232016275 602961270 46947394 990377590 9494352 74705115 1034653539 817916164 
860685877 421398725 618291298 28015910 126112610 1008490504 907774324 773458223 591238166 
878086505 321705962 574290515 577616078 937568700 945555834 1020232343 305404708 96937417 
335791930 756916237 182717484 942207636 803306369 414733759 471427082 850253763 331369525 
480921435 924958879 292281241 225095775 711902932 713679966 843387073 739918843 839792576 
778135754 573951343 539508976 295632096 378296024 861214938 869922611 955912103 725041815 
741736621 902402622 1030446523 838674039 164452728 713620937 1021391523 32918540 443185482 
362383458 504345622 219697422 693752984 985267057 70914477 986034225 136621009 782817409 
625972367 980008082 448994428 392023119 684402012 1022945771 931532095 980034108 327499972 
719005210 776214895 209670251 370305201 444209693 38331049 327009900 209141908 202783777 
1040630837 156791607 235702317 410074496 519175065 740047939 629771918 139186225 651573173 
700686395 51478626 788194182 409761980 677450993 694460440 858756409 1069474113 305120629 
807960356 927264384 211412913 61718504 572527770 987627809 271388755 942832971 358095678 
309719804 196101048 567237586 512503581 162990061 724029193 748205898 573064557 169462434 
414512014 129094651 308648660 1066085187 829781046 360127286 780537545 165801203 1037578280 
401256161 1024557612 1033310569 706376790 758776144 886833129 917789704 820494649 385619076 
831675689 18141580 254710223 116029543 327861385 450811271 683267129 840364966 613801333 
333554498 514829041 113124066 503016932 929341055 242218718 811665592 921684418 1071999764 
98051055 628480139 164059143 61887511 1029736300 114874931 21456256 662371267 873651076 
908289385 506419147 620403901 220166637 264353012 638545481 474876861 380382555 966406866 
925688132 1063649684 733030009 465747641 323462358 174117226 578871708 826479290 29716457 
821090426 564403059 951400875 819348366 662454114 506139190 983407510 724341625 462133666 
24540617 745797881 50763109 898191693 580345442 557182256 444853770 800512080 821535268 
9657428 201647117 128175999 976064294 53593425 118083859 635352479 519341067 441546217 
809469705 24470951 194283684 839186162 845561377 758686743 716845213 591167919 347399033 
149242579 500833605 1071740658 611376246 525374223 743796715 662139355 349824092 250400333 
145579788 794677863 1050912413 967115056 804335291 178817706 21549232 706657761 232411132 
139633091 268268417 751752199 581179309 3996298 776223150 775462993 843182461 548042703 
460407912 486285850 65468798 807806945 635528430 566302404 805805779 173162852 17934803 
475860670 835302207 367758895 726261003 980881995 88694934 703431593 874255228 893030225 
882249299 895804460 525946163 40918607 1035437551 794214580 792670806 542875036 798210878 
495152132 244596205 567651515 1043194835 705004117 1053937366 34921810 439069238 615723972 
601224214 171133193 788886824 619159017 646993863 550447207 986917912 299513043 457587379 
1871023 1002944636 258100783 894901248 811452111 80163419 347105587 852370719 41859146 
67578343 571299701 584734183 865789222 1066451834 829330388 359698913 1035904845 460592682 
339894455 1070826655 899661920 955618427 598309045 1070795114 670763427 143726238 644047153 
147468811 56902327 943560196 605056190 58773350 872763008 863156973 953674598 610473296 
943320392 227038362 389102191 985179538 294616705 960401892 496171897 86664103 953111902 
251760462 446363017 915274924 712353144 786257472 912359755 538273240 668134076 436926977 
535326530 265155679 580653215 105631860 412624490 637555542 1049192056 1017680680 696328892 
848213241 807095829 576261667 384944713 676674397 803300029 774046904 588112112 24174910 
660706972 10542185 110839014 540077051 262302647 557202031 381610151 974655791 269717679 
220228082 439187208 937851755 657155059 974513738 129265611 164066451 6403774 541890101 
801621993 1055595831 485828958 424209062 830067248 219182963 1000470729 141270137 895857361 
730028934 915317041 410227649 754203844 502282189 420769834 865042858 1042359240 683072482 
348503065 350227567 583986449 618220745 570455650 1023173657 482330676 153868885 923945572 
611596287 317935336 930349346 79744565 45815506 912203353 565573523 470024568 668528777 
784756486 396753473 809798914 606872023 53040583 651374131 1017099672 807244427 79914497 
364127683 598545462 48531913 1047200165 947048527 398759481 557444790 491527448 969215131 
506876624 973858125 49342192 357080372 511712588 367277529 213687894 591457153 413093035 
52149424 83288852 883117603 720678201 868045339 206129252 456735292 401175538 259169835 
34367599 344533387 1066414262 114282096 708661070 591217900 162814010 682119411 464524604 
561573491 165822377 956052052 457046798 672699001 856168353 506388990 1029779373 294139118 
873666519 169725444 885596271 213017730 221874868 968885124 22393509 942553069 763188639 
228522761 325546537 90622353 487692596 359914137 435155740 480365035 474196233 70074986 
1071582935 637010243 752194397 462365715 124841910 918016775 344675944 581888708 516973952 
127102473 14535875 473011502 421241591 888202394 642736946 233096039 27478301 864611814 
128239339 49871810 733423059 891427978 278394572 1058969597 982050331 766087168 345141910 
343464248 172710379 819338143 413539234 170551491 382606563 91991808 632917206 507448473 
1010008583 977593150 15595358 453240711 30953800 30131233 926252213 452195391 918333627 
495247335 685291430 945811928 286117325 813530769 995683739 1019540385 631216923 200336487 
1004768158 539525431 966423655 276168244 882989679 65392211 21764563 222787089 235943702 
404371126 314778897 868860908 911819600 251045656 772712235 927414958 704286368 803666035 
957546191 556796757 182119602 802137994 1052044093 867411033 674208099 264419594 607199978 
596150014 210218155 164675078 796486501 141244489 704200509 689168332 417412733 513448364 
754560543 439177297 736235453 990504245 843548423 1051014351 785623330 681626199 228318183 
484593741 535299333 932604551 214517952 419103700 415659485 396637554 147499871 393961754 
190306763 821707970 658381348 797506742 344116160 868599504 962181820 66860837 1009843993 
592640505 756029169 353514903 32347045 436847889 792692200 768582498 353610310 562498799 
745855025 65491816 170383175 974173209 550085557 705682508 833035936 764603509 51044385 
174953597 87499240 198544256 568915351 277806003 1020252226 153554876 1570921 290626562 
1022154380 963752741 357487399 958256549 482651422 39774744 238029628 514998467 476622633 
1030721828 209839142 830232944 519478804 955694167 895724760 689861979 856125552 372068494 
321802663 615419665 62930179 372847048 790373262 150429419 571391304 285546790 428235423 
517901706 439101666 429806344 808528268 387514222 319817262 92273843 272028947 802468684 
132048588 510058576 243725328 608671221 467038580 453564470 365162341 986517384 335516813 
187145278 602637539 117900542 559213772 924440203 733320207 622143951 223545427 449951645 
772573371 794936732 735498435 127066970 239096614 100858277 556873314 1047624883 488372499 
876690576 66156902 760401447 605417437 198205490 196718199 849142765 806876712 663756779 
228965411 98297229 576532340 564482224 285442507 105428055 682382766 844656279 1029868258 
341961149 393058407 179671862 791912795 91889954 974608594 453669406 218956924 139963384 
554527684 775830238 113846443 1042900183 578778991 180003346 729559806 110454604 378208836 
926278005 959597369 111343724 516292961 114820956 209640954 19083477 679303180 495083461 
124511532 287944123 265997917 80637967 629905272 659056324 260309829 348076243 750946278 
161176599 801745650 969903202 301139983 282531510 671991616 414986427 251689869 177028783 
594989773 981249676 287483387 973198609 833785857 173338932 10800510 276336994 288159888 
220441464 295420471 967463069 715524925 419932004 181665368 981522842 500569971 811570640 
566837342 760879800 85905060 244041796 922056399 887650710 140203174 149454558 96440396 
812194791 564440985 348130265 989223574 85688934 255638117 202965138 1058887544 15682151 
376304070 1069688054 292019145 664463959 216387694 587439617 558185204 931912619 1007371621 
739850572 839693638 434199768 477679388 332789156 121337744 563584448 576830953 1043394143 
377493334 717034127 119106877 473933730 455487094 683547863 822063996 370968845 769236797 
3960289 573933983 754382517 19642440 950238053 750328747 311661586 540960188 966716441 
899101203 25403568 824887237 832731000 765254140 590839051 193188944 169191705 923628207 
314526688 732776153 426717336 284179007 36527664 70009640 403285884 510461394 525496734 
13091923 258783566 896465579 782328721 262743856 396657738 462969414 282386296 273153968 
139556338 594047882 814114156 32530955 419407261 839517725 857418192 178396437 531030041 
374515419 371585381 700221746 224401803 686112069 359256076 651119139 970291076 395783740 
721128779 299835137 906245134 172883690 312927060 91286877 1069349269 21513957 354030733 
392265184 484483372 636417029 665419152 624039710 156723088 405791484 656570665 576130349 
171567385 440247034 754526787 702597427 814762453 52370344 329077349 1039164256 738482414 
688333425 616541572 635031666 10375341 263928527 934866803 916620476 436812217 174052040 
1007907353 432419663 195565997 288196262 824684847 680049369 924613291 416362175 230347255 
7594555 822153659 886917921 583724905 993721045 253423131 264509868 622576648 1068185584 
316880212 951653997 1033608017 1055362626 566245599 576407765 616652469 576620940 840336292 
477777448 419499592 203406686 651829488 353665121 635826349 847395486 641861383 386769372 
453703031 492732851 803131547 684050287 500327406 551543382 497226384 10310487 471522603 
750649515 274820355 20357427 745093275 591700568 972011425 704959468 573321370 464515200 
207625409 116232015 1041136140 1047961702 594009464 386893909 177626564 172097128 740559030 
813452913 1019492614 308678590 126480461 399453822 801411441 929612008 9762285 227997023 
407413566 506988669 238307511 878936170 183896360 513127866 899293597 928989635 31086610 
797563198 560207280 604407981 188336574 767832689 720639996 155730891 742052567 240907636 
542624800 919679131 413004765 209442006 659390220 358755555 518120596 785870681 758209377 
245790213 641740865 767971662 473787237 1049154432 201218507 712094748 854348778 385114867 
151480790 679900551 240362679 182567401 403721926 800569959 786975382 592058500 494660824 
433873554 747789391 162971568 674781191 216672367 8908875 14044132 426114374 668299096 
372799687 944234970 380427953 57267241 116283360 1022168819 825238903 590070597 997581427 
1026457411 228423521 778188381 337830454 379904311 384347108 578193133 562471712 788069034 
305021268 275705270 306385711 799682093 709578825 1054175102 962653661 310618192 197105646 
971562536 324662324 623220020 566119808 697462011 493713166 946547762 754729252 609996526 
894974757 506226332 126325299 818814360 458941919 354748820 523260917 796772373 734653132 
907608025 301223683 223383020 621935236 606244951 499088291 928320947 332185220 134925292 
908754225 221097057 445543484 32118047 118917770 770205808 655338067 685037578 393925995 
75309410 557843516 74913424 685305936 379076449 581139756 811631236 124148985 1040081675 
92638232 647409902 763112224 827291364 481276104 1064335907 1050674385 29469516 596839035 
476020852 957790463 929024255 610946144 792802864 76379489 1056489628 824920912 195297259 
752953612 406517155 880334837 73137783 481826565 364436530 148051207 93390678 743512979 
729190963 905021914 867661965 695530814 997660146 441330043 384901215 751209687 922606147 
375495298 728142248 952075663 972334333 130421276 836124302 827616765 741367420 555185343 
903996254 724115224 306364431 25551689 403327012 712881586 905886526 476464795 120966328 
196581232 624516003 214357006 940094212 279965142 45637096 734014353 975495957 1043297242 
